# mu_eV	mu_minus_reference_eV	temperature_K	region	band_id	sigma_e2_over_h	sigma_S	delta_sigma_e2_over_h	electrons_per_cell	delta_electrons_per_cell
-1.4748738807272115	-1.036775179733399	0.0	total	0	1.36939291728097e-11	5.30509096865927e-16	4.5338197367413013e-10	17.927469135802802	-0.07253086419753099
-1.4698738807272116	-1.0317751797333992	0.0	total	0	1.36939291728097e-11	5.30509096865927e-16	4.5338197367413013e-10	17.927469135802802	-0.07253086419753099
-1.4648738807272115	-1.026775179733399	0.0	total	0	7.623662241937973e-11	2.9534417184016686e-15	5.159246562955189e-10	17.932098765432436	-0.06790123456790134
-1.4598738807272116	-1.0217751797333992	0.0	total	0	-2.552526025390237e-10	-9.888602893793911e-15	1.8443535761136776e-10	17.941358024691702	-0.05864197530864204
-1.4548738807272115	-1.016775179733399	0.0	total	0	-2.552526025390237e-10	-9.888602893793911e-15	1.8443535761136776e-10	17.941358024691702	-0.05864197530864204
-1.4498738807272116	-1.0117751797333991	0.0	total	0	-2.552526025390237e-10	-9.888602893793911e-15	1.8443535761136776e-10	17.941358024691702	-0.05864197530864204
-1.4448738807272115	-1.006775179733399	0.0	total	0	-3.2613790017068575e-10	-1.2634731835537932e-14	1.1354997844770232e-10	17.95061728395097	-0.04938271604938274
-1.4398738807272116	-1.0017751797333991	0.0	total	0	-2.7765962322236967e-10	-1.0756661152031496e-14	1.6202813396537508e-10	17.95987654321023	-0.040123456790123496
-1.4348738807272114	-0.996775179733399	0.0	total	0	-2.7765962322236967e-10	-1.0756661152031496e-14	1.6202813396537508e-10	17.95987654321023	-0.040123456790123496
-1.4298738807272116	-0.9917751797333991	0.0	total	0	-2.7765962322236967e-10	-1.0756661152031496e-14	1.6202813396537508e-10	17.95987654321023	-0.040123456790123496
-1.4248738807272114	-0.986775179733399	0.0	total	0	-2.7765962322236967e-10	-1.0756661152031496e-14	1.6202813396537508e-10	17.95987654321023	-0.040123456790123496
-1.4198738807272115	-0.9817751797333991	0.0	total	0	-2.4619329368038486e-10	-9.537641113564413e-15	1.9349424146275496e-10	17.961419753086773	-0.03858024691358028
-1.4148738807272114	-0.976775179733399	0.0	total	0	-2.4619329368038486e-10	-9.537641113564413e-15	1.9349424146275496e-10	17.961419753086773	-0.03858024691358028
-1.4098738807272115	-0.9717751797333991	0.0	total	0	-2.4619329368038486e-10	-9.537641113564413e-15	1.9349424146275496e-10	17.961419753086773	-0.03858024691358028
-1.4048738807272114	-0.966775179733399	0.0	total	0	-3.26020105507773e-10	-1.2630168416270252e-14	1.1366769418069689e-10	17.97067901234604	-0.029320987654320986
-1.3998738807272115	-0.9617751797333991	0.0	total	0	-3.26020105507773e-10	-1.2630168416270252e-14	1.1366769418069689e-10	17.97067901234604	-0.029320987654320986
-1.3948738807272114	-0.956775179733399	0.0	total	0	-3.26020105507773e-10	-1.2630168416270252e-14	1.1366769418069689e-10	17.97067901234604	-0.029320987654320986
-1.3898738807272115	-0.9517751797333991	0.0	total	0	-3.26020105507773e-10	-1.2630168416270252e-14	1.1366769418069689e-10	17.97067901234604	-0.029320987654320986
-1.3848738807272114	-0.946775179733399	0.0	total	0	-3.26020105507773e-10	-1.2630168416270252e-14	1.1366769418069689e-10	17.97067901234604	-0.029320987654320986
-1.3798738807272115	-0.9417751797333991	0.0	total	0	-3.26020105507773e-10	-1.2630168416270252e-14	1.1366769418069689e-10	17.97067901234604	-0.029320987654320986
-1.3748738807272114	-0.936775179733399	0.0	total	0	-3.26020105507773e-10	-1.2630168416270252e-14	1.1366769418069689e-10	17.97067901234604	-0.029320987654320986
-1.3698738807272115	-0.9317751797333991	0.0	total	0	-3.26020105507773e-10	-1.2630168416270252e-14	1.1366769418069689e-10	17.97067901234604	-0.029320987654320986
-1.3648738807272114	-0.926775179733399	0.0	total	0	-4.1181786329504896e-10	-1.5954012904032437e-14	2.786976682420117e-11	17.979938271605306	-0.020061728395061727
-1.3598738807272115	-0.9217751797333991	0.0	total	0	-4.1181786329504896e-10	-1.5954012904032437e-14	2.786976682420117e-11	17.979938271605306	-0.020061728395061727
-1.3548738807272114	-0.916775179733399	0.0	total	0	-4.1181786329504896e-10	-1.5954012904032437e-14	2.786976682420117e-11	17.979938271605306	-0.020061728395061727
-1.3498738807272115	-0.911775179733399	0.0	total	0	-3.904404079335891e-10	-1.5125840478574155e-14	4.924684011281544e-11	17.98456790123494	-0.015432098765432098
-1.3448738807272114	-0.9067751797333989	0.0	total	0	-3.904404079335891e-10	-1.5125840478574155e-14	4.924684011281544e-11	17.98456790123494	-0.015432098765432098
-1.3398738807272115	-0.901775179733399	0.0	total	0	-3.4023562315967845e-10	-1.3180884090042547e-14	9.945147179737934e-11	17.989197530864573	-0.010802469135802469
-1.3348738807272116	-0.8967751797333992	0.0	total	0	-3.4023562315967845e-10	-1.3180884090042547e-14	9.945147179737934e-11	17.989197530864573	-0.010802469135802469
-1.3298738807272115	-0.891775179733399	0.0	total	0	-3.4023562315967845e-10	-1.3180884090042547e-14	9.945147179737934e-11	17.989197530864573	-0.010802469135802469
-1.3248738807272114	-0.8867751797333989	0.0	total	0	-3.4023562315967845e-10	-1.3180884090042547e-14	9.945147179737934e-11	17.989197530864573	-0.010802469135802469
-1.3198738807272115	-0.881775179733399	0.0	total	0	-3.4023562315967845e-10	-1.3180884090042547e-14	9.945147179737934e-11	17.989197530864573	-0.010802469135802469
-1.3148738807272116	-0.8767751797333991	0.0	total	0	-3.4023537392569725e-10	-1.3180874434603804e-14	9.945147136369847e-11	17.989197530864573	-0.010802469135802469
-1.3098738807272114	-0.871775179733399	0.0	total	0	-3.4023537392569725e-10	-1.3180874434603804e-14	9.945147136369847e-11	17.989197530864573	-0.010802469135802469
-1.3048738807272113	-0.8667751797333989	0.0	total	0	-3.4023537392569725e-10	-1.3180874434603804e-14	9.945147136369847e-11	17.989197530864573	-0.010802469135802469
-1.2998738807272114	-0.861775179733399	0.0	total	0	-3.7877299146727583e-10	-1.4673839413416573e-14	6.091411142855607e-11	17.99845679012384	-0.0015432098765432098
-1.2948738807272115	-0.8567751797333991	0.0	total	0	-3.7877299146727583e-10	-1.4673839413416573e-14	6.091411142855607e-11	17.99845679012384	-0.0015432098765432098
-1.2898738807272114	-0.851775179733399	0.0	total	0	-3.7877299146727583e-10	-1.4673839413416573e-14	6.091411142855607e-11	17.99845679012384	-0.0015432098765432098
-1.2848738807272115	-0.8467751797333991	0.0	total	0	-3.7877299146727583e-10	-1.4673839413416573e-14	6.091411142855607e-11	17.99845679012384	-0.0015432098765432098
-1.2798738807272114	-0.841775179733399	0.0	total	0	-3.7877299146727583e-10	-1.4673839413416573e-14	6.091411142855607e-11	17.99845679012384	-0.0015432098765432098
-1.2748738807272115	-0.8367751797333991	0.0	total	0	-4.39687043047872e-10	-1.7033677709837094e-14	0.0	18.000000000000384	0.0
-1.2698738807272114	-0.831775179733399	0.0	total	0	-4.39687043047872e-10	-1.7033677709837094e-14	0.0	18.000000000000384	0.0
-1.2648738807272115	-0.8267751797333991	0.0	total	0	-4.39687043047872e-10	-1.7033677709837094e-14	0.0	18.000000000000384	0.0
-1.2598738807272114	-0.821775179733399	0.0	total	0	-4.39687043047872e-10	-1.7033677709837094e-14	0.0	18.000000000000384	0.0
-1.2548738807272115	-0.8167751797333991	0.0	total	0	-4.39687043047872e-10	-1.7033677709837094e-14	0.0	18.000000000000384	0.0
-1.2498738807272114	-0.811775179733399	0.0	total	0	-4.39687043047872e-10	-1.7033677709837094e-14	0.0	18.000000000000384	0.0
-1.2448738807272115	-0.8067751797333991	0.0	total	0	-4.39687043047872e-10	-1.7033677709837094e-14	0.0	18.000000000000384	0.0
-1.2398738807272114	-0.801775179733399	0.0	total	0	-4.39687043047872e-10	-1.7033677709837094e-14	0.0	18.000000000000384	0.0
-1.2348738807272115	-0.7967751797333991	0.0	total	0	-4.39687043047872e-10	-1.7033677709837094e-14	0.0	18.000000000000384	0.0
-1.2298738807272114	-0.791775179733399	0.0	total	0	-4.39687043047872e-10	-1.7033677709837094e-14	0.0	18.000000000000384	0.0
-1.2248738807272115	-0.786775179733399	0.0	total	0	-4.39687043047872e-10	-1.7033677709837094e-14	0.0	18.000000000000384	0.0
-1.2198738807272114	-0.7817751797333989	0.0	total	0	-4.39687043047872e-10	-1.7033677709837094e-14	0.0	18.000000000000384	0.0
-1.2148738807272115	-0.776775179733399	0.0	total	0	-4.39687043047872e-10	-1.7033677709837094e-14	0.0	18.000000000000384	0.0
-1.2098738807272114	-0.7717751797333989	0.0	total	0	-4.39687043047872e-10	-1.7033677709837094e-14	0.0	18.000000000000384	0.0
-1.2048738807272115	-0.766775179733399	0.0	total	0	-4.39687043047872e-10	-1.7033677709837094e-14	0.0	18.000000000000384	0.0
-1.1998738807272114	-0.7617751797333989	0.0	total	0	-4.39687043047872e-10	-1.7033677709837094e-14	0.0	18.000000000000384	0.0
-1.1948738807272115	-0.756775179733399	0.0	total	0	-4.39687043047872e-10	-1.7033677709837094e-14	0.0	18.000000000000384	0.0
-1.1898738807272116	-0.7517751797333991	0.0	total	0	-4.39687043047872e-10	-1.7033677709837094e-14	0.0	18.000000000000384	0.0
-1.1848738807272114	-0.746775179733399	0.0	total	0	-4.39687043047872e-10	-1.7033677709837094e-14	0.0	18.000000000000384	0.0
-1.1798738807272113	-0.7417751797333989	0.0	total	0	-4.39687043047872e-10	-1.7033677709837094e-14	0.0	18.000000000000384	0.0
-1.1748738807272114	-0.736775179733399	0.0	total	0	-4.39687043047872e-10	-1.7033677709837094e-14	0.0	18.000000000000384	0.0
-1.4748738807272115	-1.036775179733399	0.0	K	0	0.2292653640907345	8.881845357277992e-06	-0.11065365976520808	1.4776234567901219	-0.036265432098765454
-1.4698738807272116	-1.0317751797333992	0.0	K	0	0.2292653640907345	8.881845357277992e-06	-0.11065365976520808	1.4776234567901219	-0.036265432098765454
-1.4648738807272115	-1.026775179733399	0.0	K	0	0.2336534129243808	9.051840381669055e-06	-0.10626561093156175	1.4799382716049365	-0.03395061728395063
-1.4598738807272116	-1.0217751797333992	0.0	K	0	0.24354560102793998	9.435068285846267e-06	-0.09637342282800251	1.484567901234566	-0.029320987654320986
-1.4548738807272115	-1.016775179733399	0.0	K	0	0.24354560102793998	9.435068285846267e-06	-0.09637342282800251	1.484567901234566	-0.029320987654320986
-1.4498738807272116	-1.0117751797333991	0.0	K	0	0.24354560102793998	9.435068285846267e-06	-0.09637342282800251	1.484567901234566	-0.029320987654320986
-1.4448738807272115	-1.006775179733399	0.0	K	0	0.25455013150852557	9.861388843884555e-06	-0.08536889234741697	1.4891975308641954	-0.024691358024691357
-1.4398738807272116	-1.0017751797333991	0.0	K	0	0.2711146138833381	1.0503104488373341e-05	-0.06880440997260444	1.4938271604938247	-0.020061728395061727
-1.4348738807272114	-0.996775179733399	0.0	K	0	0.2711146138833381	1.0503104488373341e-05	-0.06880440997260444	1.4938271604938247	-0.020061728395061727
-1.4298738807272116	-0.9917751797333991	0.0	K	0	0.2711146138833381	1.0503104488373341e-05	-0.06880440997260444	1.4938271604938247	-0.020061728395061727
-1.4248738807272114	-0.986775179733399	0.0	K	0	0.2711146138833381	1.0503104488373341e-05	-0.06880440997260444	1.4938271604938247	-0.020061728395061727
-1.4198738807272115	-0.9817751797333991	0.0	K	0	0.2741678381713698	1.0621387797650927e-05	-0.06575118568457272	1.4945987654320965	-0.019290123456790122
-1.4148738807272114	-0.976775179733399	0.0	K	0	0.2741678381713698	1.0621387797650927e-05	-0.06575118568457272	1.4945987654320965	-0.019290123456790122
-1.4098738807272115	-0.9717751797333991	0.0	K	0	0.2741678381713698	1.0621387797650927e-05	-0.06575118568457272	1.4945987654320965	-0.019290123456790122
-1.4048738807272114	-0.966775179733399	0.0	K	0	0.28594114989581193	1.1077491293677211e-05	-0.05397787396013061	1.4992283950617258	-0.014660493827160493
-1.3998738807272115	-0.9617751797333991	0.0	K	0	0.28594114989581193	1.1077491293677211e-05	-0.05397787396013061	1.4992283950617258	-0.014660493827160493
-1.3948738807272114	-0.956775179733399	0.0	K	0	0.28594114989581193	1.1077491293677211e-05	-0.05397787396013061	1.4992283950617258	-0.014660493827160493
-1.3898738807272115	-0.9517751797333991	0.0	K	0	0.28594114989581193	1.1077491293677211e-05	-0.05397787396013061	1.4992283950617258	-0.014660493827160493
-1.3848738807272114	-0.946775179733399	0.0	K	0	0.28594114989581193	1.1077491293677211e-05	-0.05397787396013061	1.4992283950617258	-0.014660493827160493
-1.3798738807272115	-0.9417751797333991	0.0	K	0	0.28594114989581193	1.1077491293677211e-05	-0.05397787396013061	1.4992283950617258	-0.014660493827160493
-1.3748738807272114	-0.936775179733399	0.0	K	0	0.28594114989581193	1.1077491293677211e-05	-0.05397787396013061	1.4992283950617258	-0.014660493827160493
-1.3698738807272115	-0.9317751797333991	0.0	K	0	0.28594114989581193	1.1077491293677211e-05	-0.05397787396013061	1.4992283950617258	-0.014660493827160493
-1.3648738807272114	-0.926775179733399	0.0	K	0	0.30047424105551584	1.1640509910796494e-05	-0.03944478280042674	1.5038580246913553	-0.010030864197530864
-1.3598738807272115	-0.9217751797333991	0.0	K	0	0.30047424105551584	1.1640509910796494e-05	-0.03944478280042674	1.5038580246913553	-0.010030864197530864
-1.3548738807272114	-0.916775179733399	0.0	K	0	0.30047424105551584	1.1640509910796494e-05	-0.03944478280042674	1.5038580246913553	-0.010030864197530864
-1.3498738807272115	-0.911775179733399	0.0	K	0	0.3083253854122065	1.1944666844096697e-05	-0.0315936384437361	1.50617283950617	-0.007716049382716049
-1.3448738807272114	-0.9067751797333989	0.0	K	0	0.3083253854122065	1.1944666844096697e-05	-0.0315936384437361	1.50617283950617	-0.007716049382716049
-1.3398738807272115	-0.901775179733399	0.0	K	0	0.3164554896500095	1.2259630811135951e-05	-0.02346353420593307	1.5084876543209846	-0.005401234567901234
-1.3348738807272116	-0.8967751797333992	0.0	K	0	0.3164554896500095	1.2259630811135951e-05	-0.02346353420593307	1.5084876543209846	-0.005401234567901234
-1.3298738807272115	-0.891775179733399	0.0	K	0	0.3164554896500095	1.2259630811135951e-05	-0.02346353420593307	1.5084876543209846	-0.005401234567901234
-1.3248738807272114	-0.8867751797333989	0.0	K	0	0.3164554896500095	1.2259630811135951e-05	-0.02346353420593307	1.5084876543209846	-0.005401234567901234
-1.3198738807272115	-0.881775179733399	0.0	K	0	0.3164554896500095	1.2259630811135951e-05	-0.02346353420593307	1.5084876543209846	-0.005401234567901234
-1.3148738807272116	-0.8767751797333991	0.0	K	0	0.3164554896500095	1.2259630811135951e-05	-0.023463534205933074	1.5084876543209846	-0.005401234567901234
-1.3098738807272114	-0.871775179733399	0.0	K	0	0.3164554896500095	1.2259630811135951e-05	-0.023463534205933074	1.5084876543209846	-0.005401234567901234
-1.3048738807272113	-0.8667751797333989	0.0	K	0	0.3164554896500095	1.2259630811135951e-05	-0.023463534205933074	1.5084876543209846	-0.005401234567901234
-1.2998738807272114	-0.861775179733399	0.0	K	0	0.33620759944193646	1.302483660376689e-05	-0.003711424414006134	1.513117283950614	-0.0007716049382716049
-1.2948738807272115	-0.8567751797333991	0.0	K	0	0.33620759944193646	1.302483660376689e-05	-0.003711424414006134	1.513117283950614	-0.0007716049382716049
-1.2898738807272114	-0.851775179733399	0.0	K	0	0.33620759944193646	1.302483660376689e-05	-0.003711424414006134	1.513117283950614	-0.0007716049382716049
-1.2848738807272115	-0.8467751797333991	0.0	K	0	0.33620759944193646	1.302483660376689e-05	-0.003711424414006134	1.513117283950614	-0.0007716049382716049
-1.2798738807272114	-0.841775179733399	0.0	K	0	0.33620759944193646	1.302483660376689e-05	-0.003711424414006134	1.513117283950614	-0.0007716049382716049
-1.2748738807272115	-0.8367751797333991	0.0	K	0	0.33991902385594264	1.3168618887807767e-05	0.0	1.5138888888888855	0.0
-1.2698738807272114	-0.831775179733399	0.0	K	0	0.33991902385594264	1.3168618887807767e-05	0.0	1.5138888888888855	0.0
-1.2648738807272115	-0.8267751797333991	0.0	K	0	0.33991902385594264	1.3168618887807767e-05	0.0	1.5138888888888855	0.0
-1.2598738807272114	-0.821775179733399	0.0	K	0	0.33991902385594264	1.3168618887807767e-05	0.0	1.5138888888888855	0.0
-1.2548738807272115	-0.8167751797333991	0.0	K	0	0.33991902385594264	1.3168618887807767e-05	0.0	1.5138888888888855	0.0
-1.2498738807272114	-0.811775179733399	0.0	K	0	0.33991902385594264	1.3168618887807767e-05	0.0	1.5138888888888855	0.0
-1.2448738807272115	-0.8067751797333991	0.0	K	0	0.33991902385594264	1.3168618887807767e-05	0.0	1.5138888888888855	0.0
-1.2398738807272114	-0.801775179733399	0.0	K	0	0.33991902385594264	1.3168618887807767e-05	0.0	1.5138888888888855	0.0
-1.2348738807272115	-0.7967751797333991	0.0	K	0	0.33991902385594264	1.3168618887807767e-05	0.0	1.5138888888888855	0.0
-1.2298738807272114	-0.791775179733399	0.0	K	0	0.33991902385594264	1.3168618887807767e-05	0.0	1.5138888888888855	0.0
-1.2248738807272115	-0.786775179733399	0.0	K	0	0.33991902385594264	1.3168618887807767e-05	0.0	1.5138888888888855	0.0
-1.2198738807272114	-0.7817751797333989	0.0	K	0	0.33991902385594264	1.3168618887807767e-05	0.0	1.5138888888888855	0.0
-1.2148738807272115	-0.776775179733399	0.0	K	0	0.33991902385594264	1.3168618887807767e-05	0.0	1.5138888888888855	0.0
-1.2098738807272114	-0.7717751797333989	0.0	K	0	0.33991902385594264	1.3168618887807767e-05	0.0	1.5138888888888855	0.0
-1.2048738807272115	-0.766775179733399	0.0	K	0	0.33991902385594264	1.3168618887807767e-05	0.0	1.5138888888888855	0.0
-1.1998738807272114	-0.7617751797333989	0.0	K	0	0.33991902385594264	1.3168618887807767e-05	0.0	1.5138888888888855	0.0
-1.1948738807272115	-0.756775179733399	0.0	K	0	0.33991902385594264	1.3168618887807767e-05	0.0	1.5138888888888855	0.0
-1.1898738807272116	-0.7517751797333991	0.0	K	0	0.33991902385594264	1.3168618887807767e-05	0.0	1.5138888888888855	0.0
-1.1848738807272114	-0.746775179733399	0.0	K	0	0.33991902385594264	1.3168618887807767e-05	0.0	1.5138888888888855	0.0
-1.1798738807272113	-0.7417751797333989	0.0	K	0	0.33991902385594264	1.3168618887807767e-05	0.0	1.5138888888888855	0.0
-1.1748738807272114	-0.736775179733399	0.0	K	0	0.33991902385594264	1.3168618887807767e-05	0.0	1.5138888888888855	0.0
-1.4748738807272115	-1.036775179733399	0.0	Kprime	0	-0.22926536396290662	-8.88184535232588e-06	0.11065366021859009	1.4776234567901219	-0.036265432098765454
-1.4698738807272116	-1.0317751797333992	0.0	Kprime	0	-0.22926536396290662	-8.88184535232588e-06	0.11065366021859009	1.4776234567901219	-0.036265432098765454
-1.4648738807272115	-1.026775179733399	0.0	Kprime	0	-0.23365341273401027	-9.051840374294013e-06	0.10626561144748647	1.4799382716049365	-0.03395061728395063
-1.4598738807272116	-1.0217751797333992	0.0	Kprime	0	-0.24354560116905882	-9.435068291313277e-06	0.0963734230124379	1.484567901234566	-0.029320987654320986
-1.4548738807272115	-1.016775179733399	0.0	Kprime	0	-0.24354560116905882	-9.435068291313277e-06	0.0963734230124379	1.484567901234566	-0.029320987654320986
-1.4498738807272116	-1.0117751797333991	0.0	Kprime	0	-0.24354560116905882	-9.435068291313277e-06	0.0963734230124379	1.484567901234566	-0.029320987654320986
-1.4448738807272115	-1.006775179733399	0.0	Kprime	0	-0.25455013172052976	-9.861388852097695e-06	0.08536889246096695	1.4891975308641954	-0.024691358024691357
-1.4398738807272116	-1.0017751797333991	0.0	Kprime	0	-0.2711146140468641	-1.0503104494708414e-05	0.06880441013463257	1.4938271604938247	-0.020061728395061727
-1.4348738807272114	-0.996775179733399	0.0	Kprime	0	-0.2711146140468641	-1.0503104494708414e-05	0.06880441013463257	1.4938271604938247	-0.020061728395061727
-1.4298738807272116	-0.9917751797333991	0.0	Kprime	0	-0.2711146140468641	-1.0503104494708414e-05	0.06880441013463257	1.4938271604938247	-0.020061728395061727
-1.4248738807272114	-0.986775179733399	0.0	Kprime	0	-0.2711146140468641	-1.0503104494708414e-05	0.06880441013463257	1.4938271604938247	-0.020061728395061727
-1.4198738807272115	-0.9817751797333991	0.0	Kprime	0	-0.27416783830342967	-1.0621387802766988e-05	0.06575118587806696	1.4945987654320962	-0.019290123456790122
-1.4148738807272114	-0.976775179733399	0.0	Kprime	0	-0.27416783830342967	-1.0621387802766988e-05	0.06575118587806696	1.4945987654320962	-0.019290123456790122
-1.4098738807272115	-0.9717751797333991	0.0	Kprime	0	-0.27416783830342967	-1.0621387802766988e-05	0.06575118587806696	1.4945987654320962	-0.019290123456790122
-1.4048738807272114	-0.966775179733399	0.0	Kprime	0	-0.2859411501076984	-1.107749130188579e-05	0.053977874073798296	1.4992283950617258	-0.014660493827160493
-1.3998738807272115	-0.9617751797333991	0.0	Kprime	0	-0.2859411501076984	-1.107749130188579e-05	0.053977874073798296	1.4992283950617258	-0.014660493827160493
-1.3948738807272114	-0.956775179733399	0.0	Kprime	0	-0.2859411501076984	-1.107749130188579e-05	0.053977874073798296	1.4992283950617258	-0.014660493827160493
-1.3898738807272115	-0.9517751797333991	0.0	Kprime	0	-0.2859411501076984	-1.107749130188579e-05	0.053977874073798296	1.4992283950617258	-0.014660493827160493
-1.3848738807272114	-0.946775179733399	0.0	Kprime	0	-0.2859411501076984	-1.107749130188579e-05	0.053977874073798296	1.4992283950617258	-0.014660493827160493
-1.3798738807272115	-0.9417751797333991	0.0	Kprime	0	-0.2859411501076984	-1.107749130188579e-05	0.053977874073798296	1.4992283950617258	-0.014660493827160493
-1.3748738807272114	-0.936775179733399	0.0	Kprime	0	-0.2859411501076984	-1.107749130188579e-05	0.053977874073798296	1.4992283950617258	-0.014660493827160493
-1.3698738807272115	-0.9317751797333991	0.0	Kprime	0	-0.2859411501076984	-1.107749130188579e-05	0.053977874073798296	1.4992283950617258	-0.014660493827160493
-1.3648738807272114	-0.926775179733399	0.0	Kprime	0	-0.3004742413532001	-1.1640509922328919e-05	0.039444782828296505	1.5038580246913553	-0.010030864197530864
-1.3598738807272115	-0.9217751797333991	0.0	Kprime	0	-0.3004742413532001	-1.1640509922328919e-05	0.039444782828296505	1.5038580246913553	-0.010030864197530864
-1.3548738807272114	-0.916775179733399	0.0	Kprime	0	-0.3004742413532001	-1.1640509922328919e-05	0.039444782828296505	1.5038580246913553	-0.010030864197530864
-1.3498738807272115	-0.911775179733399	0.0	Kprime	0	-0.30832538568851375	-1.1944666854800966e-05	0.03159363849298294	1.50617283950617	-0.007716049382716049
-1.3448738807272114	-0.9067751797333989	0.0	Kprime	0	-0.30832538568851375	-1.1944666854800966e-05	0.03159363849298294	1.50617283950617	-0.007716049382716049
-1.3398738807272115	-0.901775179733399	0.0	Kprime	0	-0.3164554898761121	-1.225963081989527e-05	0.023463534305384545	1.5084876543209846	-0.005401234567901234
-1.3348738807272116	-0.8967751797333992	0.0	Kprime	0	-0.3164554898761121	-1.225963081989527e-05	0.023463534305384545	1.5084876543209846	-0.005401234567901234
-1.3298738807272115	-0.891775179733399	0.0	Kprime	0	-0.3164554898761121	-1.225963081989527e-05	0.023463534305384545	1.5084876543209846	-0.005401234567901234
-1.3248738807272114	-0.8867751797333989	0.0	Kprime	0	-0.3164554898761121	-1.225963081989527e-05	0.023463534305384545	1.5084876543209846	-0.005401234567901234
-1.3198738807272115	-0.881775179733399	0.0	Kprime	0	-0.3164554898761121	-1.225963081989527e-05	0.023463534305384545	1.5084876543209846	-0.005401234567901234
-1.3148738807272116	-0.8767751797333991	0.0	Kprime	0	-0.3164554898761121	-1.225963081989527e-05	0.023463534305384545	1.5084876543209846	-0.005401234567901234
-1.3098738807272114	-0.871775179733399	0.0	Kprime	0	-0.3164554898761121	-1.225963081989527e-05	0.023463534305384545	1.5084876543209846	-0.005401234567901234
-1.3048738807272113	-0.8667751797333989	0.0	Kprime	0	-0.3164554898761121	-1.225963081989527e-05	0.023463534305384545	1.5084876543209846	-0.005401234567901234
-1.2998738807272114	-0.861775179733399	0.0	Kprime	0	-0.3362075997065764	-1.3024836614019162e-05	0.0037114244749202456	1.513117283950614	-0.0007716049382716049
-1.2948738807272115	-0.8567751797333991	0.0	Kprime	0	-0.3362075997065764	-1.3024836614019162e-05	0.0037114244749202456	1.513117283950614	-0.0007716049382716049
-1.2898738807272114	-0.851775179733399	0.0	Kprime	0	-0.3362075997065764	-1.3024836614019162e-05	0.0037114244749202456	1.513117283950614	-0.0007716049382716049
-1.2848738807272115	-0.8467751797333991	0.0	Kprime	0	-0.3362075997065764	-1.3024836614019162e-05	0.0037114244749202456	1.513117283950614	-0.0007716049382716049
-1.2798738807272114	-0.841775179733399	0.0	Kprime	0	-0.3362075997065764	-1.3024836614019162e-05	0.0037114244749202456	1.513117283950614	-0.0007716049382716049
-1.2748738807272115	-0.8367751797333991	0.0	Kprime	0	-0.3399190241814966	-1.3168618900419878e-05	0.0	1.5138888888888855	0.0
-1.2698738807272114	-0.831775179733399	0.0	Kprime	0	-0.3399190241814966	-1.3168618900419878e-05	0.0	1.5138888888888855	0.0
-1.2648738807272115	-0.8267751797333991	0.0	Kprime	0	-0.3399190241814966	-1.3168618900419878e-05	0.0	1.5138888888888855	0.0
-1.2598738807272114	-0.821775179733399	0.0	Kprime	0	-0.3399190241814966	-1.3168618900419878e-05	0.0	1.5138888888888855	0.0
-1.2548738807272115	-0.8167751797333991	0.0	Kprime	0	-0.3399190241814966	-1.3168618900419878e-05	0.0	1.5138888888888855	0.0
-1.2498738807272114	-0.811775179733399	0.0	Kprime	0	-0.3399190241814966	-1.3168618900419878e-05	0.0	1.5138888888888855	0.0
-1.2448738807272115	-0.8067751797333991	0.0	Kprime	0	-0.3399190241814966	-1.3168618900419878e-05	0.0	1.5138888888888855	0.0
-1.2398738807272114	-0.801775179733399	0.0	Kprime	0	-0.3399190241814966	-1.3168618900419878e-05	0.0	1.5138888888888855	0.0
-1.2348738807272115	-0.7967751797333991	0.0	Kprime	0	-0.3399190241814966	-1.3168618900419878e-05	0.0	1.5138888888888855	0.0
-1.2298738807272114	-0.791775179733399	0.0	Kprime	0	-0.3399190241814966	-1.3168618900419878e-05	0.0	1.5138888888888855	0.0
-1.2248738807272115	-0.786775179733399	0.0	Kprime	0	-0.3399190241814966	-1.3168618900419878e-05	0.0	1.5138888888888855	0.0
-1.2198738807272114	-0.7817751797333989	0.0	Kprime	0	-0.3399190241814966	-1.3168618900419878e-05	0.0	1.5138888888888855	0.0
-1.2148738807272115	-0.776775179733399	0.0	Kprime	0	-0.3399190241814966	-1.3168618900419878e-05	0.0	1.5138888888888855	0.0
-1.2098738807272114	-0.7717751797333989	0.0	Kprime	0	-0.3399190241814966	-1.3168618900419878e-05	0.0	1.5138888888888855	0.0
-1.2048738807272115	-0.766775179733399	0.0	Kprime	0	-0.3399190241814966	-1.3168618900419878e-05	0.0	1.5138888888888855	0.0
-1.1998738807272114	-0.7617751797333989	0.0	Kprime	0	-0.3399190241814966	-1.3168618900419878e-05	0.0	1.5138888888888855	0.0
-1.1948738807272115	-0.756775179733399	0.0	Kprime	0	-0.3399190241814966	-1.3168618900419878e-05	0.0	1.5138888888888855	0.0
-1.1898738807272116	-0.7517751797333991	0.0	Kprime	0	-0.3399190241814966	-1.3168618900419878e-05	0.0	1.5138888888888855	0.0
-1.1848738807272114	-0.746775179733399	0.0	Kprime	0	-0.3399190241814966	-1.3168618900419878e-05	0.0	1.5138888888888855	0.0
-1.1798738807272113	-0.7417751797333989	0.0	Kprime	0	-0.3399190241814966	-1.3168618900419878e-05	0.0	1.5138888888888855	0.0
-1.1748738807272114	-0.736775179733399	0.0	Kprime	0	-0.3399190241814966	-1.3168618900419878e-05	0.0	1.5138888888888855	0.0
-1.4748738807272115	-1.036775179733399	0.0	rest	0	-1.1413423554709118e-10	-4.421612632683634e-15	0.0	14.972222222222522	0.0
-1.4698738807272116	-1.0317751797333992	0.0	rest	0	-1.1413423554709118e-10	-4.421612632683634e-15	0.0	14.972222222222522	0.0
-1.4648738807272115	-1.026775179733399	0.0	rest	0	-1.1413423554709118e-10	-4.421612632683634e-15	0.0	14.972222222222522	0.0
-1.4598738807272116	-1.0217751797333992	0.0	rest	0	-1.1413423554709118e-10	-4.421612632683634e-15	0.0	14.972222222222522	0.0
-1.4548738807272115	-1.016775179733399	0.0	rest	0	-1.1413423554709118e-10	-4.421612632683634e-15	0.0	14.972222222222522	0.0
-1.4498738807272116	-1.0117751797333991	0.0	rest	0	-1.1413423554709118e-10	-4.421612632683634e-15	0.0	14.972222222222522	0.0
-1.4448738807272115	-1.006775179733399	0.0	rest	0	-1.1413423554709118e-10	-4.421612632683634e-15	0.0	14.972222222222522	0.0
-1.4398738807272116	-1.0017751797333991	0.0	rest	0	-1.1413423554709118e-10	-4.421612632683634e-15	0.0	14.972222222222522	0.0
-1.4348738807272114	-0.996775179733399	0.0	rest	0	-1.1413423554709118e-10	-4.421612632683634e-15	0.0	14.972222222222522	0.0
-1.4298738807272116	-0.9917751797333991	0.0	rest	0	-1.1413423554709118e-10	-4.421612632683634e-15	0.0	14.972222222222522	0.0
-1.4248738807272114	-0.986775179733399	0.0	rest	0	-1.1413423554709118e-10	-4.421612632683634e-15	0.0	14.972222222222522	0.0
-1.4198738807272115	-0.9817751797333991	0.0	rest	0	-1.1413423554709118e-10	-4.421612632683634e-15	0.0	14.972222222222522	0.0
-1.4148738807272114	-0.976775179733399	0.0	rest	0	-1.1413423554709118e-10	-4.421612632683634e-15	0.0	14.972222222222522	0.0
-1.4098738807272115	-0.9717751797333991	0.0	rest	0	-1.1413423554709118e-10	-4.421612632683634e-15	0.0	14.972222222222522	0.0
-1.4048738807272114	-0.966775179733399	0.0	rest	0	-1.1413423554709118e-10	-4.421612632683634e-15	0.0	14.972222222222522	0.0
-1.3998738807272115	-0.9617751797333991	0.0	rest	0	-1.1413423554709118e-10	-4.421612632683634e-15	0.0	14.972222222222522	0.0
-1.3948738807272114	-0.956775179733399	0.0	rest	0	-1.1413423554709118e-10	-4.421612632683634e-15	0.0	14.972222222222522	0.0
-1.3898738807272115	-0.9517751797333991	0.0	rest	0	-1.1413423554709118e-10	-4.421612632683634e-15	0.0	14.972222222222522	0.0
-1.3848738807272114	-0.946775179733399	0.0	rest	0	-1.1413423554709118e-10	-4.421612632683634e-15	0.0	14.972222222222522	0.0
-1.3798738807272115	-0.9417751797333991	0.0	rest	0	-1.1413423554709118e-10	-4.421612632683634e-15	0.0	14.972222222222522	0.0
-1.3748738807272114	-0.936775179733399	0.0	rest	0	-1.1413423554709118e-10	-4.421612632683634e-15	0.0	14.972222222222522	0.0
-1.3698738807272115	-0.9317751797333991	0.0	rest	0	-1.1413423554709118e-10	-4.421612632683634e-15	0.0	14.972222222222522	0.0
-1.3648738807272114	-0.926775179733399	0.0	rest	0	-1.1413423554709118e-10	-4.421612632683634e-15	0.0	14.972222222222522	0.0
-1.3598738807272115	-0.9217751797333991	0.0	rest	0	-1.1413423554709118e-10	-4.421612632683634e-15	0.0	14.972222222222522	0.0
-1.3548738807272114	-0.916775179733399	0.0	rest	0	-1.1413423554709118e-10	-4.421612632683634e-15	0.0	14.972222222222522	0.0
-1.3498738807272115	-0.911775179733399	0.0	rest	0	-1.1413423554709118e-10	-4.421612632683634e-15	0.0	14.972222222222522	0.0
-1.3448738807272114	-0.9067751797333989	0.0	rest	0	-1.1413423554709118e-10	-4.421612632683634e-15	0.0	14.972222222222522	0.0
-1.3398738807272115	-0.901775179733399	0.0	rest	0	-1.1413423554709118e-10	-4.421612632683634e-15	0.0	14.972222222222522	0.0
-1.3348738807272116	-0.8967751797333992	0.0	rest	0	-1.1413423554709118e-10	-4.421612632683634e-15	0.0	14.972222222222522	0.0
-1.3298738807272115	-0.891775179733399	0.0	rest	0	-1.1413423554709118e-10	-4.421612632683634e-15	0.0	14.972222222222522	0.0
-1.3248738807272114	-0.8867751797333989	0.0	rest	0	-1.1413423554709118e-10	-4.421612632683634e-15	0.0	14.972222222222522	0.0
-1.3198738807272115	-0.881775179733399	0.0	rest	0	-1.1413423554709118e-10	-4.421612632683634e-15	0.0	14.972222222222522	0.0
-1.3148738807272116	-0.8767751797333991	0.0	rest	0	-1.1413423611329051e-10	-4.421612654618456e-15	0.0	14.972222222222522	0.0
-1.3098738807272114	-0.871775179733399	0.0	rest	0	-1.1413423611329051e-10	-4.421612654618456e-15	0.0	14.972222222222522	0.0
-1.3048738807272113	-0.8667751797333989	0.0	rest	0	-1.1413423611329051e-10	-4.421612654618456e-15	0.0	14.972222222222522	0.0
-1.2998738807272114	-0.861775179733399	0.0	rest	0	-1.1413423611329051e-10	-4.421612654618456e-15	0.0	14.972222222222522	0.0
-1.2948738807272115	-0.8567751797333991	0.0	rest	0	-1.1413423611329051e-10	-4.421612654618456e-15	0.0	14.972222222222522	0.0
-1.2898738807272114	-0.851775179733399	0.0	rest	0	-1.1413423611329051e-10	-4.421612654618456e-15	0.0	14.972222222222522	0.0
-1.2848738807272115	-0.8467751797333991	0.0	rest	0	-1.1413423611329051e-10	-4.421612654618456e-15	0.0	14.972222222222522	0.0
-1.2798738807272114	-0.841775179733399	0.0	rest	0	-1.1413423611329051e-10	-4.421612654618456e-15	0.0	14.972222222222522	0.0
-1.2748738807272115	-0.8367751797333991	0.0	rest	0	-1.1413423611329051e-10	-4.421612654618456e-15	0.0	14.972222222222522	0.0
-1.2698738807272114	-0.831775179733399	0.0	rest	0	-1.1413423611329051e-10	-4.421612654618456e-15	0.0	14.972222222222522	0.0
-1.2648738807272115	-0.8267751797333991	0.0	rest	0	-1.1413423611329051e-10	-4.421612654618456e-15	0.0	14.972222222222522	0.0
-1.2598738807272114	-0.821775179733399	0.0	rest	0	-1.1413423611329051e-10	-4.421612654618456e-15	0.0	14.972222222222522	0.0
-1.2548738807272115	-0.8167751797333991	0.0	rest	0	-1.1413423611329051e-10	-4.421612654618456e-15	0.0	14.972222222222522	0.0
-1.2498738807272114	-0.811775179733399	0.0	rest	0	-1.1413423611329051e-10	-4.421612654618456e-15	0.0	14.972222222222522	0.0
-1.2448738807272115	-0.8067751797333991	0.0	rest	0	-1.1413423611329051e-10	-4.421612654618456e-15	0.0	14.972222222222522	0.0
-1.2398738807272114	-0.801775179733399	0.0	rest	0	-1.1413423611329051e-10	-4.421612654618456e-15	0.0	14.972222222222522	0.0
-1.2348738807272115	-0.7967751797333991	0.0	rest	0	-1.1413423611329051e-10	-4.421612654618456e-15	0.0	14.972222222222522	0.0
-1.2298738807272114	-0.791775179733399	0.0	rest	0	-1.1413423611329051e-10	-4.421612654618456e-15	0.0	14.972222222222522	0.0
-1.2248738807272115	-0.786775179733399	0.0	rest	0	-1.1413423611329051e-10	-4.421612654618456e-15	0.0	14.972222222222522	0.0
-1.2198738807272114	-0.7817751797333989	0.0	rest	0	-1.1413423611329051e-10	-4.421612654618456e-15	0.0	14.972222222222522	0.0
-1.2148738807272115	-0.776775179733399	0.0	rest	0	-1.1413423611329051e-10	-4.421612654618456e-15	0.0	14.972222222222522	0.0
-1.2098738807272114	-0.7717751797333989	0.0	rest	0	-1.1413423611329051e-10	-4.421612654618456e-15	0.0	14.972222222222522	0.0
-1.2048738807272115	-0.766775179733399	0.0	rest	0	-1.1413423611329051e-10	-4.421612654618456e-15	0.0	14.972222222222522	0.0
-1.1998738807272114	-0.7617751797333989	0.0	rest	0	-1.1413423611329051e-10	-4.421612654618456e-15	0.0	14.972222222222522	0.0
-1.1948738807272115	-0.756775179733399	0.0	rest	0	-1.1413423611329051e-10	-4.421612654618456e-15	0.0	14.972222222222522	0.0
-1.1898738807272116	-0.7517751797333991	0.0	rest	0	-1.1413423611329051e-10	-4.421612654618456e-15	0.0	14.972222222222522	0.0
-1.1848738807272114	-0.746775179733399	0.0	rest	0	-1.1413423611329051e-10	-4.421612654618456e-15	0.0	14.972222222222522	0.0
-1.1798738807272113	-0.7417751797333989	0.0	rest	0	-1.1413423611329051e-10	-4.421612654618456e-15	0.0	14.972222222222522	0.0
-1.1748738807272114	-0.736775179733399	0.0	rest	0	-1.1413423611329051e-10	-4.421612654618456e-15	0.0	14.972222222222522	0.0
-1.4748738807272115	-1.036775179733399	0.0	valley	0	0.458530728053641	1.7763690709603868e-05	-0.2213073199837982	1.3183898417423734e-16	3.469446951953614e-18
-1.4698738807272116	-1.0317751797333992	0.0	valley	0	0.458530728053641	1.7763690709603868e-05	-0.2213073199837982	1.3183898417423734e-16	3.469446951953614e-18
-1.4648738807272115	-1.026775179733399	0.0	valley	0	0.46730682565839093	1.8103680755963064e-05	-0.2125312223790483	1.8735013540549517e-16	3.469446951953614e-18
-1.4598738807272116	-1.0217751797333992	0.0	valley	0	0.4870912021969988	1.8870136577159545e-05	-0.19274684584044047	7.632783294297951e-17	0.0
-1.4548738807272115	-1.016775179733399	0.0	valley	0	0.4870912021969988	1.8870136577159545e-05	-0.19274684584044047	7.632783294297951e-17	0.0
-1.4498738807272116	-1.0117751797333991	0.0	valley	0	0.4870912021969988	1.8870136577159545e-05	-0.19274684584044047	7.632783294297951e-17	0.0
-1.4448738807272115	-1.006775179733399	0.0	valley	0	0.5091002632290555	1.972277769598226e-05	-0.17073778480838392	1.8735013540549517e-16	0.0
-1.4398738807272116	-1.0017751797333991	0.0	valley	0	0.5422292279302023	2.100620898308176e-05	-0.137608820107237	1.8735013540549517e-16	0.0
-1.4348738807272114	-0.996775179733399	0.0	valley	0	0.5422292279302023	2.100620898308176e-05	-0.137608820107237	1.8735013540549517e-16	0.0
-1.4298738807272116	-0.9917751797333991	0.0	valley	0	0.5422292279302023	2.100620898308176e-05	-0.137608820107237	1.8735013540549517e-16	0.0
-1.4248738807272114	-0.986775179733399	0.0	valley	0	0.5422292279302023	2.100620898308176e-05	-0.137608820107237	1.8735013540549517e-16	0.0
-1.4198738807272115	-0.9817751797333991	0.0	valley	0	0.5483356764747995	2.1242775600417916e-05	-0.13150237156263966	1.8735013540549517e-16	0.0
-1.4148738807272114	-0.976775179733399	0.0	valley	0	0.5483356764747995	2.1242775600417916e-05	-0.13150237156263966	1.8735013540549517e-16	0.0
-1.4098738807272115	-0.9717751797333991	0.0	valley	0	0.5483356764747995	2.1242775600417916e-05	-0.13150237156263966	1.8735013540549517e-16	0.0
-1.4048738807272114	-0.966775179733399	0.0	valley	0	0.5718823000035105	2.215498259556301e-05	-0.10795574803392889	7.632783294297951e-17	0.0
-1.3998738807272115	-0.9617751797333991	0.0	valley	0	0.5718823000035105	2.215498259556301e-05	-0.10795574803392889	7.632783294297951e-17	0.0
-1.3948738807272114	-0.956775179733399	0.0	valley	0	0.5718823000035105	2.215498259556301e-05	-0.10795574803392889	7.632783294297951e-17	0.0
-1.3898738807272115	-0.9517751797333991	0.0	valley	0	0.5718823000035105	2.215498259556301e-05	-0.10795574803392889	7.632783294297951e-17	0.0
-1.3848738807272114	-0.946775179733399	0.0	valley	0	0.5718823000035105	2.215498259556301e-05	-0.10795574803392889	7.632783294297951e-17	0.0
-1.3798738807272115	-0.9417751797333991	0.0	valley	0	0.5718823000035105	2.215498259556301e-05	-0.10795574803392889	7.632783294297951e-17	0.0
-1.3748738807272114	-0.936775179733399	0.0	valley	0	0.5718823000035105	2.215498259556301e-05	-0.10795574803392889	7.632783294297951e-17	0.0
-1.3698738807272115	-0.9317751797333991	0.0	valley	0	0.5718823000035105	2.215498259556301e-05	-0.10795574803392889	7.632783294297951e-17	0.0
-1.3648738807272114	-0.926775179733399	0.0	valley	0	0.6009484824087161	2.328101983312542e-05	-0.07888956562872325	-3.469446951953614e-17	0.0
-1.3598738807272115	-0.9217751797333991	0.0	valley	0	0.6009484824087161	2.328101983312542e-05	-0.07888956562872325	-3.469446951953614e-17	0.0
-1.3548738807272114	-0.916775179733399	0.0	valley	0	0.6009484824087161	2.328101983312542e-05	-0.07888956562872325	-3.469446951953614e-17	0.0
-1.3498738807272115	-0.911775179733399	0.0	valley	0	0.6166507711007203	2.3889333698897665e-05	-0.06318727693671904	-3.469446951953614e-17	0.0
-1.3448738807272114	-0.9067751797333989	0.0	valley	0	0.6166507711007203	2.3889333698897665e-05	-0.06318727693671904	-3.469446951953614e-17	0.0
-1.3398738807272115	-0.901775179733399	0.0	valley	0	0.6329109795261216	2.4519261631031222e-05	-0.04692706851131762	-3.469446951953614e-17	0.0
-1.3348738807272116	-0.8967751797333992	0.0	valley	0	0.6329109795261216	2.4519261631031222e-05	-0.04692706851131762	-3.469446951953614e-17	0.0
-1.3298738807272115	-0.891775179733399	0.0	valley	0	0.6329109795261216	2.4519261631031222e-05	-0.04692706851131762	-3.469446951953614e-17	0.0
-1.3248738807272114	-0.8867751797333989	0.0	valley	0	0.6329109795261216	2.4519261631031222e-05	-0.04692706851131762	-3.469446951953614e-17	0.0
-1.3198738807272115	-0.881775179733399	0.0	valley	0	0.6329109795261216	2.4519261631031222e-05	-0.04692706851131762	-3.469446951953614e-17	0.0
-1.3148738807272116	-0.8767751797333991	0.0	valley	0	0.6329109795261216	2.4519261631031222e-05	-0.046927068511317616	-3.469446951953614e-17	0.0
-1.3098738807272114	-0.871775179733399	0.0	valley	0	0.6329109795261216	2.4519261631031222e-05	-0.046927068511317616	-3.469446951953614e-17	0.0
-1.3048738807272113	-0.8667751797333989	0.0	valley	0	0.6329109795261216	2.4519261631031222e-05	-0.046927068511317616	-3.469446951953614e-17	0.0
-1.2998738807272114	-0.861775179733399	0.0	valley	0	0.6724151991485128	2.604967321778605e-05	-0.00742284888892638	-3.469446951953614e-17	0.0
-1.2948738807272115	-0.8567751797333991	0.0	valley	0	0.6724151991485128	2.604967321778605e-05	-0.00742284888892638	-3.469446951953614e-17	0.0
-1.2898738807272114	-0.851775179733399	0.0	valley	0	0.6724151991485128	2.604967321778605e-05	-0.00742284888892638	-3.469446951953614e-17	0.0
-1.2848738807272115	-0.8467751797333991	0.0	valley	0	0.6724151991485128	2.604967321778605e-05	-0.00742284888892638	-3.469446951953614e-17	0.0
-1.2798738807272114	-0.841775179733399	0.0	valley	0	0.6724151991485128	2.604967321778605e-05	-0.00742284888892638	-3.469446951953614e-17	0.0
-1.2748738807272115	-0.8367751797333991	0.0	valley	0	0.6798380480374391	2.6337237788227638e-05	0.0	-3.469446951953614e-17	0.0
-1.2698738807272114	-0.831775179733399	0.0	valley	0	0.6798380480374391	2.6337237788227638e-05	0.0	-3.469446951953614e-17	0.0
-1.2648738807272115	-0.8267751797333991	0.0	valley	0	0.6798380480374391	2.6337237788227638e-05	0.0	-3.469446951953614e-17	0.0
-1.2598738807272114	-0.821775179733399	0.0	valley	0	0.6798380480374391	2.6337237788227638e-05	0.0	-3.469446951953614e-17	0.0
-1.2548738807272115	-0.8167751797333991	0.0	valley	0	0.6798380480374391	2.6337237788227638e-05	0.0	-3.469446951953614e-17	0.0
-1.2498738807272114	-0.811775179733399	0.0	valley	0	0.6798380480374391	2.6337237788227638e-05	0.0	-3.469446951953614e-17	0.0
-1.2448738807272115	-0.8067751797333991	0.0	valley	0	0.6798380480374391	2.6337237788227638e-05	0.0	-3.469446951953614e-17	0.0
-1.2398738807272114	-0.801775179733399	0.0	valley	0	0.6798380480374391	2.6337237788227638e-05	0.0	-3.469446951953614e-17	0.0
-1.2348738807272115	-0.7967751797333991	0.0	valley	0	0.6798380480374391	2.6337237788227638e-05	0.0	-3.469446951953614e-17	0.0
-1.2298738807272114	-0.791775179733399	0.0	valley	0	0.6798380480374391	2.6337237788227638e-05	0.0	-3.469446951953614e-17	0.0
-1.2248738807272115	-0.786775179733399	0.0	valley	0	0.6798380480374391	2.6337237788227638e-05	0.0	-3.469446951953614e-17	0.0
-1.2198738807272114	-0.7817751797333989	0.0	valley	0	0.6798380480374391	2.6337237788227638e-05	0.0	-3.469446951953614e-17	0.0
-1.2148738807272115	-0.776775179733399	0.0	valley	0	0.6798380480374391	2.6337237788227638e-05	0.0	-3.469446951953614e-17	0.0
-1.2098738807272114	-0.7717751797333989	0.0	valley	0	0.6798380480374391	2.6337237788227638e-05	0.0	-3.469446951953614e-17	0.0
-1.2048738807272115	-0.766775179733399	0.0	valley	0	0.6798380480374391	2.6337237788227638e-05	0.0	-3.469446951953614e-17	0.0
-1.1998738807272114	-0.7617751797333989	0.0	valley	0	0.6798380480374391	2.6337237788227638e-05	0.0	-3.469446951953614e-17	0.0
-1.1948738807272115	-0.756775179733399	0.0	valley	0	0.6798380480374391	2.6337237788227638e-05	0.0	-3.469446951953614e-17	0.0
-1.1898738807272116	-0.7517751797333991	0.0	valley	0	0.6798380480374391	2.6337237788227638e-05	0.0	-3.469446951953614e-17	0.0
-1.1848738807272114	-0.746775179733399	0.0	valley	0	0.6798380480374391	2.6337237788227638e-05	0.0	-3.469446951953614e-17	0.0
-1.1798738807272113	-0.7417751797333989	0.0	valley	0	0.6798380480374391	2.6337237788227638e-05	0.0	-3.469446951953614e-17	0.0
-1.1748738807272114	-0.736775179733399	0.0	valley	0	0.6798380480374391	2.6337237788227638e-05	0.0	-3.469446951953614e-17	0.0
-1.4748738807272115	-1.036775179733399	300.0	total	0	9.767313004784366e-11	3.7839018557679706e-15	5.373609678897416e-10	17.923416504818764	-0.0765834951812648
-1.4698738807272116	-1.0317751797333992	300.0	total	0	1.0586530691605729e-11	4.101270544978902e-16	4.502761235830285e-10	17.92710998115324	-0.07289001884677634
-1.4648738807272115	-1.026775179733399	300.0	total	0	-7.80974124163869e-11	-3.0255295763357898e-15	3.6159077796498944e-10	17.930664623159437	-0.06933537684061408
-1.4598738807272116	-1.0217751797333992	300.0	total	0	-1.6699352724870117e-10	-6.469405837082107e-15	2.7269481485675565e-10	17.93408476387214	-0.06591523612786238
-1.4548738807272115	-1.016775179733399	300.0	total	0	-2.557451358235802e-10	-9.907683859137688e-15	1.8394347346977455e-10	17.9373721265218	-0.06262787347817965
-1.4498738807272116	-1.0117751797333991	300.0	total	0	-3.4493889451863123e-10	-1.336309097964058e-14	9.4750877494212e-11	17.940526597368216	-0.05947340263184733
-1.4448738807272115	-1.006775179733399	300.0	total	0	-4.3582018701432184e-10	-1.688387393356648e-14	3.868162808117049e-12	17.943547122111113	-0.05645287788891004
-1.4398738807272116	-1.0017751797333991	300.0	total	0	-5.299073737475674e-10	-2.0528854700636462e-14	-9.021876386720498e-11	17.94643262721678	-0.05356737278323453
-1.4348738807272114	-0.996775179733399	300.0	total	0	-6.285645116458707e-10	-2.435087747184577e-14	-1.8887592657906147e-10	17.949182849094825	-0.05081715090521945
-1.4298738807272116	-0.9917751797333991	300.0	total	0	-7.326747236377562e-10	-2.8384154834489167e-14	-2.9298659478236353e-10	17.951798965264093	-0.04820103473593595
-1.4248738807272114	-0.986775179733399	300.0	total	0	-8.424481556104153e-10	-3.263682793661972e-14	-4.02759197285594e-10	17.95428396172212	-0.045716038277953994
-1.4198738807272115	-0.9817751797333991	300.0	total	0	-9.573911504460634e-10	-3.708977227507894e-14	-5.177026819527958e-10	17.956642726419144	-0.04335727358088223
-1.4148738807272114	-0.976775179733399	300.0	total	0	-1.076424628027216e-09	-4.170118379119613e-14	-6.367358406172764e-10	17.95888190965656	-0.04111809034346578
-1.4098738807272115	-0.9717751797333991	300.0	total	0	-1.1980617564768828e-09	-4.641346193612226e-14	-7.583733603383323e-10	17.96100962059539	-0.03899037940467058
-1.4048738807272114	-0.966775179733399	300.0	total	0	-1.3206021089450261e-09	-5.116073139378725e-14	-8.809135733869631e-10	17.9630350286353	-0.036964971364764614
-1.3998738807272115	-0.9617751797333991	300.0	total	0	-1.4422620384613106e-09	-5.5873892862491843e-14	-1.0025739158477255e-09	17.96496791725437	-0.035032082745700896
-1.3948738807272114	-0.956775179733399	300.0	total	0	-1.561236993544848e-09	-6.048303719021012e-14	-1.121547700131524e-09	17.96681821319308	-0.03318178680696245
-1.3898738807272115	-0.9517751797333991	300.0	total	0	-1.6756874398508385e-09	-6.491689997272335e-14	-1.2359985207341837e-09	17.96859550192213	-0.03140449807795402
-1.3848738807272114	-0.946775179733399	300.0	total	0	-1.783727884283747e-09	-6.910243634273042e-14	-1.344039345008134e-09	17.970308547583528	-0.029691452416545774
-1.3798738807272115	-0.9417751797333991	300.0	total	0	-1.8834357481752654e-09	-7.296516472083164e-14	-1.4437476442557954e-09	17.97196485576321	-0.028035144236829478
-1.3748738807272114	-0.936775179733399	300.0	total	0	-1.9729409279104965e-09	-7.643263643526415e-14	-1.5332527706494342e-09	17.97357033594973	-0.026429664050321933
-1.3698738807272115	-0.9317751797333991	300.0	total	0	-2.0505837168725432e-09	-7.944055369046607e-14	-1.6108958575615829e-09	17.975129123088536	-0.024870876911510405
-1.3648738807272114	-0.926775179733399	300.0	total	0	-2.115117538910727e-09	-8.194062355461879e-14	-1.6754289862220096e-09	17.976643597994364	-0.02335640200569723
-1.3598738807272115	-0.9217751797333991	300.0	total	0	-2.1658847038615196e-09	-8.390736680913809e-14	-1.7261963861647547e-09	17.97811460911589	-0.021885390884176764
-1.3548738807272114	-0.916775179733399	300.0	total	0	-2.2029296788113946e-09	-8.534250612934875e-14	-1.763240590911823e-09	17.9795418556926	-0.02045814430746613
-1.3498738807272115	-0.911775179733399	300.0	total	0	-2.226982988803526e-09	-8.627434239047814e-14	-1.7872952809622576e-09	17.980924358553807	-0.019075641446276412
-1.3448738807272114	-0.9067751797333989	300.0	total	0	-2.239339003139513e-09	-8.675302005293184e-14	-1.799650963003131e-09	17.98226092902121	-0.017739070978891776
-1.3398738807272115	-0.901775179733399	300.0	total	0	-2.241603665978706e-09	-8.684075413000824e-14	-1.8019155802880798e-09	17.983550550938787	-0.016449449061290887
-1.3348738807272116	-0.8967751797333992	300.0	total	0	-2.2353962879079103e-09	-8.660027745653589e-14	-1.7957088685862815e-09	17.9847926125023	-0.015207387497809675
-1.3298738807272115	-0.891775179733399	300.0	total	0	-2.2220400473409625e-09	-8.608285057114171e-14	-1.7823516250448e-09	17.9859869574923	-0.014013042507804725
-1.3248738807272114	-0.8867751797333989	300.0	total	0	-2.202302708538181e-09	-8.531821701340498e-14	-1.7626137230625004e-09	17.98713376358262	-0.012866236417492417
-1.3198738807272115	-0.881775179733399	300.0	total	0	-2.1762713992592813e-09	-8.430975215269814e-14	-1.7365829577209069e-09	17.988233292350664	-0.011766707649451081
-1.3148738807272116	-0.8767751797333991	300.0	total	0	-2.14338121997295e-09	-8.303557152208736e-14	-1.7036924054313933e-09	17.989285584480324	-0.010714415519801483
-1.3098738807272114	-0.871775179733399	300.0	total	0	-2.1025999311437307e-09	-8.145568568853308e-14	-1.6629121758762137e-09	17.99029018703835	-0.009709812961759589
-1.3048738807272113	-0.8667751797333989	300.0	total	0	-2.052754087203413e-09	-7.952463483252284e-14	-1.6130659915866658e-09	17.991245992163307	-0.008754007836814882
-1.2998738807272114	-0.861775179733399	300.0	total	0	-1.9928865374737412e-09	-7.720533849778448e-14	-1.5531985099436555e-09	17.992151237806095	-0.007848762194018933
-1.2948738807272115	-0.8567751797333991	300.0	total	0	-1.922590013226687e-09	-7.448201890700069e-14	-1.4829011931488713e-09	17.99300367834409	-0.006996321656044173
-1.2898738807272114	-0.851775179733399	300.0	total	0	-1.8422086001346945e-09	-7.136800609693657e-14	-1.40252023539564e-09	17.993800888882713	-0.006199111117430066
-1.2848738807272115	-0.8467751797333991	300.0	total	0	-1.7528925989528573e-09	-6.790786324642915e-14	-1.3132051476893052e-09	17.994540635796238	-0.0054593642038859875
-1.2798738807272114	-0.841775179733399	300.0	total	0	-1.6564915943417389e-09	-6.417324411353939e-14	-1.2168048497729138e-09	17.995221236421266	-0.004778763578880165
-1.2748738807272115	-0.8367751797333991	300.0	total	0	-1.555343555239893e-09	-6.02547226872547e-14	-1.1156549783211073e-09	17.9958418429625	-0.004158157037665661
-1.2698738807272114	-0.831775179733399	300.0	total	0	-1.4520067130230274e-09	-5.6251406024401095e-14	-1.0123177124176825e-09	17.99640261191942	-0.0035973880807095905
-1.2648738807272115	-0.8267751797333991	300.0	total	0	-1.3490171654768188e-09	-5.2261543716375206e-14	-9.093294143086748e-10	17.99690474978289	-0.0030952502172640786
-1.2598738807272114	-0.821775179733399	300.0	total	0	-1.2486843419452887e-09	-4.837460411518262e-14	-8.089952852970608e-10	17.997350449443204	-0.0026495505569167892
-1.2548738807272115	-0.8167751797333991	300.0	total	0	-1.1529364189391838e-09	-4.4665285663206505e-14	-7.132481189959533e-10	17.99774274556165	-0.002257254438517219
-1.2498738807272114	-0.811775179733399	300.0	total	0	-1.063260322063162e-09	-4.119119254034873e-14	-6.235730743491135e-10	17.9980853214578	-0.001914678542372994
-1.2448738807272115	-0.8067751797333991	300.0	total	0	-9.80677628851275e-10	-3.799190112882428e-14	-5.40989543487233e-10	17.99838229765893	-0.001617702341200001
-1.2398738807272114	-0.801775179733399	300.0	total	0	-9.057661158126731e-10	-3.508979475559446e-14	-4.660773189714218e-10	17.998638026249562	-0.0013619737505488263
-1.2348738807272115	-0.7967751797333991	300.0	total	0	-8.387194025814367e-10	-3.249237433408705e-14	-3.9903230120765136e-10	17.998856907919183	-0.001143092080935118
-1.2298738807272114	-0.791775179733399	300.0	total	0	-7.794257086601155e-10	-3.0195309436562774e-14	-3.3973882956182306e-10	17.999043241580328	-0.0009567584197999463
-1.2248738807272115	-0.786775179733399	300.0	total	0	-7.275347020365926e-10	-2.8185028040192687e-14	-2.8784677046977296e-10	17.999201110415893	-0.00079888958423476
-1.2198738807272114	-0.7817751797333989	300.0	total	0	-6.825334469891837e-10	-2.6441658779861116e-14	-2.4284523428657375e-10	17.99933430360529	-0.0006656963948691396
-1.2148738807272115	-0.776775179733399	300.0	total	0	-6.438163081314632e-10	-2.494173906292368e-14	-2.0412695330960141e-10	17.999446269883148	-0.000553730116989383
-1.2098738807272114	-0.7717751797333989	300.0	total	0	-6.107291840345804e-10	-2.365992870002353e-14	-1.7104087701052419e-10	17.99954009739683	-0.00045990260333703077
-1.2048738807272115	-0.766775179733399	300.0	total	0	-5.826200739165937e-10	-2.2570968881828536e-14	-1.4293209851275019e-10	17.99961851378639	-0.00038148621376959713
-1.1998738807272114	-0.7617751797333989	300.0	total	0	-5.588583671942175e-10	-2.1650429465113093e-14	-1.1917005623340506e-10	17.99968390068722	-0.0003160993129463572
-1.1948738807272115	-0.756775179733399	300.0	total	0	-5.388540953815127e-10	-2.087545480014328e-14	-9.916679767034118e-11	17.9997383176124	-0.00026168238778850146
-1.1898738807272116	-0.7517751797333991	300.0	total	0	-5.220756126891155e-10	-2.0225448685200166e-14	-8.238730850348662e-11	17.999783531145713	-0.00021646885446343167
-1.1848738807272114	-0.746775179733399	300.0	total	0	-5.080421191357802e-10	-1.9681784708491704e-14	-6.835388499270378e-11	17.999821046366424	-0.0001789536337427701
-1.1798738807272113	-0.7417751797333989	300.0	total	0	-4.963355503127595e-10	-1.9228266863078072e-14	-5.664633964675883e-11	17.999852138319977	-0.00014786168022576599
-1.1748738807272114	-0.736775179733399	300.0	total	0	-4.865869682774943e-10	-1.8850602323851397e-14	-4.689950637769074e-11	17.999877882090416	-0.00012211790978250466
-1.4748738807272115	-1.036775179733399	300.0	K	0	0.22920471973240444	8.879495967021791e-06	-0.11071430412353792	1.4770493688077646	-0.036839520081124504
-1.4698738807272116	-1.0317751797333992	300.0	K	0	0.2330427220852708	9.028181938468996e-06	-0.10687630177067162	1.4786504850685027	-0.03523840382038656
-1.4648738807272115	-1.026775179733399	300.0	K	0	0.23686421911564914	9.176228486152861e-06	-0.10305480474029327	1.4802223740832232	-0.033666514805665515
-1.4598738807272116	-1.0217751797333992	300.0	K	0	0.24065624236177943	9.323133205916826e-06	-0.0992627814941629	1.4817610446425276	-0.032127844246360705
-1.4548738807272115	-1.016775179733399	300.0	K	0	0.24440442600734472	9.468339559447898e-06	-0.09551459784859773	1.483262014204559	-0.03062687468432998
-1.4498738807272116	-1.0117751797333991	300.0	K	0	0.24809366535769808	9.6112623839477e-06	-0.09182535849824434	1.4847206292503903	-0.029168259638498478
-1.4448738807272115	-1.006775179733399	300.0	K	0	0.2517090059116795	9.75132233518242e-06	-0.08821001794426299	1.4861324381814442	-0.02775645070744428
-1.4398738807272116	-1.0017751797333991	300.0	K	0	0.255236672436024	9.887985754297373e-06	-0.08468235141991852	1.487493574204193	-0.02639531468469576
-1.4348738807272114	-0.996775179733399	300.0	K	0	0.25866509222177236	1.0020804309239662e-05	-0.08125393163416998	1.4888010942070147	-0.025087794681874397
-1.4298738807272116	-0.9917751797333991	300.0	K	0	0.2619857523461221	1.0149448205475473e-05	-0.07793327150982028	1.490053223496545	-0.02383566539234415
-1.4248738807272114	-0.986775179733399	300.0	K	0	0.2651937634720676	1.0273728027846718e-05	-0.07472526038387486	1.4912494750223853	-0.022639413866503443
-1.4198738807272115	-0.9817751797333991	300.0	K	0	0.26828806880475925	1.0393602835636224e-05	-0.07163095505118319	1.4923906386703327	-0.02149825021855606
-1.4148738807272114	-0.976775179733399	300.0	K	0	0.27127130879965156	1.050917492129934e-05	-0.06864771505629091	1.493478661071388	-0.020410227817501247
-1.4098738807272115	-0.9717751797333991	300.0	K	0	0.27414940282713895	1.0620673603960066e-05	-0.06576962102880347	1.4945164501917814	-0.01937243869710762
-1.4048738807272114	-0.966775179733399	300.0	K	0	0.27693092522099805	1.0728431057241518e-05	-0.06298809863494441	1.4955076385481698	-0.01838125034071907
-1.3998738807272115	-0.9617751797333991	300.0	K	0	0.27962634163446587	1.0832852725350162e-05	-0.0602926822214767	1.4964563282106402	-0.01743256067824922
-1.3948738807272114	-0.956775179733399	300.0	K	0	0.28224715257992167	1.0934384143410272e-05	-0.057671871276020796	1.4973668283770656	-0.01652206051182201
-1.3898738807272115	-0.9517751797333991	300.0	K	0	0.2848049846831565	1.103347573223754e-05	-0.055114039172785956	1.498243390348693	-0.01564549854019607
-1.3848738807272114	-0.946775179733399	300.0	K	0	0.28731068453356035	1.1130547693679714e-05	-0.05260833932238194	1.499089948406829	-0.014798940482059646
-1.3798738807272115	-0.9417751797333991	300.0	K	0	0.28977349664805113	1.1225958164562183e-05	-0.050145527207891206	1.4999098852309514	-0.013979003657937712
-1.3748738807272114	-0.936775179733399	300.0	K	0	0.29220042686504133	1.1319978554278274e-05	-0.04771859699090103	1.5007058498094183	-0.013183039079470011
-1.3698738807272115	-0.9317751797333991	300.0	K	0	0.2945958870752224	1.141277978149688e-05	-0.04532313678072008	1.50147965713167	-0.012409231757219126
-1.3648738807272114	-0.926775179733399	300.0	K	0	0.2969616793924928	1.1504431660936969e-05	-0.04295734446344948	1.5022322891845106	-0.011656599704377681
-1.3598738807272115	-0.9217751797333991	300.0	K	0	0.29929731551100197	1.1594915275405928e-05	-0.040621708344940555	1.5029639981937766	-0.010924890695111902
-1.3548738807272114	-0.916775179733399	300.0	K	0	0.30160059879326667	1.1684145526160169e-05	-0.038318425062675764	1.5036744918711629	-0.010214397017725677
-1.3498738807272115	-0.911775179733399	300.0	K	0	0.30386834314515887	1.1771998982451873e-05	-0.03605068071078341	1.5043631635721624	-0.009525725316725799
-1.3448738807272114	-0.9067751797333989	300.0	K	0	0.30609707796315605	1.185834119150879e-05	-0.03382194589278636	1.5050293224115852	-0.008859566477303
-1.3398738807272115	-0.901775179733399	300.0	K	0	0.30828359638835745	1.1943047918146277e-05	-0.03163542746758501	1.505672380694312	-0.008216508194576514
-1.3348738807272116	-0.8967751797333992	300.0	K	0	0.31042524068584715	1.2026016200494725e-05	-0.029493783170095125	1.5062919668686885	-0.007596922020200949
-1.3298738807272115	-0.891775179733399	300.0	K	0	0.3125198757518146	1.210716332365325e-05	-0.02739914810412785	1.506887948697643	-0.007000940191244814
-1.3248738807272114	-0.8867751797333989	300.0	K	0	0.3145655700965232	1.2186414460823576e-05	-0.02535345375941917	1.507460370393869	-0.006428518495019852
-1.3198738807272115	-0.881775179733399	300.0	K	0	0.31656007200895003	1.2263682379687934e-05	-0.02335895184699231	1.5080093259588452	-0.005879562930043445
-1.3148738807272116	-0.8767751797333991	300.0	K	0	0.3185002229838002	1.2338844718302552e-05	-0.02141880087214242	1.5085348054094616	-0.005354083479427754
-1.3098738807272114	-0.871775179733399	300.0	K	0	0.3203814753692102	1.2411725298548458e-05	-0.019537548486732177	1.509036557282102	-0.004852331606786466
-1.3048738807272113	-0.8667751797333989	300.0	K	0	0.32219766478522066	1.2482085309518742e-05	-0.01772135907072162	1.5095140070416257	-0.0043748818472628065
-1.2998738807272114	-0.861775179733399	300.0	K	0	0.3239411292001705	1.2549627920592663e-05	-0.015977894655772092	1.5099662566802683	-0.003922632208621403
-1.2948738807272115	-0.8567751797333991	300.0	K	0	0.32560317973190295	1.2614016520490322e-05	-0.014315844124039582	1.5103921693884848	-0.0034967195004036613
-1.2898738807272114	-0.851775179733399	300.0	K	0	0.32717483961295935	1.267490334512318e-05	-0.012744184242983087	1.5107905211813544	-0.0030983677075336383
-1.2848738807272115	-0.8467751797333991	300.0	K	0	0.32864770578310404	1.273196285608365e-05	-0.011271318072838255	1.5111601857365276	-0.0027287031523608924
-1.2798738807272114	-0.841775179733399	300.0	K	0	0.3300147702523057	1.278492356062371e-05	-0.009904253603636747	1.5115003138844911	-0.002388575004397109
-1.2748738807272115	-0.8367751797333991	300.0	K	0	0.3312710656634412	1.2833593021050134e-05	-0.008647958192501087	1.5118104752677428	-0.0020784136211459943
-1.2698738807272114	-0.831775179733399	300.0	K	0	0.33241405522506345	1.2877872960898762e-05	-0.0075049686308789835	1.5120907428118846	-0.0017981460770044014
-1.2648738807272115	-0.8267751797333991	300.0	K	0	0.3334437488142014	1.291776376281023e-05	-0.0064752750417409405	1.5123417153742154	-0.001547173514673515
-1.2598738807272114	-0.821775179733399	300.0	K	0	0.33436257635851124	1.2953359563296419e-05	-0.005556447497430994	1.512564485783411	-0.0013244031054776742
-1.2548738807272115	-0.8167751797333991	300.0	K	0	0.33517507844398764	1.2984836266741302e-05	-0.00474394541195483	1.512760568389435	-0.001128320499454202
-1.2498738807272114	-0.811775179733399	300.0	K	0	0.33588748350647385	1.3012435165606114e-05	-0.004031540349468635	1.512931802395646	-0.0009570864932431353
-1.2448738807272115	-0.8067751797333991	300.0	K	0	0.3365072366975558	1.3036444688478007e-05	-0.0034117871583865945	1.5130802460411814	-0.0008086428477071686
-1.2398738807272114	-0.801775179733399	300.0	K	0	0.3370425337524277	1.3057182341897373e-05	-0.0028764901035147057	1.513208073699793	-0.0006808151890952703
-1.2348738807272115	-0.7967751797333991	300.0	K	0	0.33750189850951157	1.3074978343274135e-05	-0.0024171253464307886	1.5133174843411796	-0.0005714045477091744
-1.2298738807272114	-0.791775179733399	300.0	K	0	0.3378938279894165	1.309016187108384e-05	-0.0020251958665260263	1.5134106262884073	-0.000478262600481303
-1.2248738807272115	-0.786775179733399	300.0	K	0	0.3382265158376023	1.3103050350909616e-05	-0.0016925080183401232	1.5134895401990238	-0.00039934868986461584
-1.2198738807272114	-0.7817751797333989	300.0	K	0	0.3385076544761781	1.3113941790712085e-05	-0.0014113693797642986	1.5135561198930625	-0.00033276899582724184
-1.2148738807272115	-0.776775179733399	300.0	K	0	0.3387443089553047	1.3123109893774866e-05	-0.0011747149006376889	1.5136120891035896	-0.00027679978529961406
-1.2098738807272114	-0.7717751797333989	300.0	K	0	0.3389428511997551	1.313080151138614e-05	-0.0009761726561872599	1.5136589913815068	-0.0002298975073818426
-1.2048738807272115	-0.766775179733399	300.0	K	0	0.33910894166075234	1.3137235932022449e-05	-0.0008100821951900152	1.5136981901160937	-0.00019069877279526734
-1.1998738807272114	-0.7617751797333989	300.0	K	0	0.33924754562526965	1.3142605513178462e-05	-0.0006714782306728414	1.5137308757699937	-0.00015801311889562298
-1.1948738807272115	-0.756775179733399	300.0	K	0	0.33936297288054995	1.3147077217988654e-05	-0.0005560509753924616	1.51375807780716	-0.00013081108172935852
-1.1898738807272116	-0.7517751797333991	300.0	K	0	0.3394589314553149	1.3150794697186383e-05	-0.0004600924006273765	1.5137806792783808	-0.00010820961050805185
-1.1848738807272114	-0.746775179733399	300.0	K	0	0.33953858830212374	1.3153880639966316e-05	-0.00038043555381872735	1.5137994325245512	-8.945636433798283e-05
-1.1798738807272113	-0.7417751797333989	300.0	K	0	0.3396046317616084	1.3156439193877539e-05	-0.000314392094333975	1.5138149749045986	-7.391398429048788e-05
-1.1748738807272114	-0.736775179733399	300.0	K	0	0.3396593323157923	1.3158558318434996e-05	-0.0002596915401498859	1.513827843825619	-6.104506327024008e-05
-1.4748738807272115	-1.036775179733399	300.0	Kprime	0	-0.22920471951417304	-8.879495958567406e-06	0.11071430466732343	1.4770493690297009	-0.0368395198591871
-1.4698738807272116	-1.0317751797333992	300.0	Kprime	0	-0.2330427219552075	-9.028181933430285e-06	0.1068763022262888	1.4786504853126243	-0.03523840357626449
-1.4648738807272115	-1.026775179733399	300.0	Kprime	0	-0.23686421907517818	-9.176228484584998e-06	0.10305480510631815	1.4802223743483465	-0.03366651454054198
-1.4598738807272116	-1.0217751797333992	300.0	Kprime	0	-0.24065624241096162	-9.323133207822165e-06	0.09926278177053471	1.481761044926803	-0.0321278439620856
-1.4548738807272115	-1.016775179733399	300.0	Kprime	0	-0.24440442614590918	-9.468339564815949e-06	0.09551459803558729	1.4832620145059157	-0.030626874382972655
-1.4498738807272116	-1.0117751797333991	300.0	Kprime	0	-0.24809366558598014	-9.611262392791453e-06	0.09182535859551628	1.4847206295669668	-0.02916825932192286
-1.4448738807272115	-1.006775179733399	300.0	Kprime	0	-0.25170900623128023	-9.7513223475639e-06	0.08821001795021617	1.4861324385119081	-0.027756450376980626
-1.4398738807272116	-1.0017751797333991	300.0	Kprime	0	-0.2552366728500731	-9.887985770337825e-06	0.08468235133142327	1.4874935745479285	-0.02639531434096001
-1.4348738807272114	-0.996775179733399	300.0	Kprime	0	-0.25866509273477867	-1.0020804329113762e-05	0.08125393144671783	1.4888010945641377	-0.025087794324751406
-1.4298738807272116	-0.9917751797333991	300.0	Kprime	0	-0.26198575296348686	-1.0149448229392468e-05	0.07793327121800958	1.4900532238677746	-0.023835665021113676
-1.4248738807272114	-0.986775179733399	300.0	Kprime	0	-0.26519376419941	-1.0273728056024295e-05	0.07472525998208643	1.4912494754088301	-0.022639413480059926
-1.4198738807272115	-0.9817751797333991	300.0	Kprime	0	-0.26828806964721474	-1.0393602868273336e-05	0.07163095453428171	1.4923906390732282	-0.021498249815660765
-1.4148738807272114	-0.976775179733399	300.0	Kprime	0	-0.2712713097612805	-1.0509174958553288e-05	0.0686477144202161	1.4934786614918767	-0.02041022739701196
-1.4098738807272115	-0.9717751797333991	300.0	Kprime	0	-0.27414940391052095	-1.0620673645930782e-05	0.06576962027097541	1.4945164506307382	-0.01937243825815061
-1.4048738807272114	-0.966775179733399	300.0	Kprime	0	-0.27693092642701583	-1.07284311039632e-05	0.06298809775448058	1.4955076390060944	-0.018381249882794853
-1.3998738807272115	-0.9617751797333991	300.0	Kprime	0	-0.27962634296222283	-1.0832852776788074e-05	0.060292681219273635	1.496456328687602	-0.01743256020128644
-1.3948738807272114	-0.956775179733399	300.0	Kprime	0	-0.2822471540267175	-1.0934384199459807e-05	0.05767187015477889	1.4973668288726836	-0.016522060016205552
-1.3898738807272115	-0.9517751797333991	300.0	Kprime	0	-0.28480498624445677	-1.1033475792723028e-05	0.055114037937039596	1.4982433908620958	-0.015645498026792527
-1.3848738807272114	-0.946775179733399	300.0	Kprime	0	-0.28731068620294586	-1.1130547758352474e-05	0.052608337978550496	1.4990899489366387	-0.014798939952249027
-1.3798738807272115	-0.9417751797333991	300.0	Kprime	0	-0.2897734984171814	-1.1225958233099102e-05	0.05014552576431494	1.4999098857752466	-0.013979003113642004
-1.3748738807272114	-0.936775179733399	300.0	Kprime	0	-0.29220042872370683	-1.1319978626283827e-05	0.04771859545778955	1.5007058503657325	-0.013183038523156403
-1.3698738807272115	-0.9317751797333991	300.0	Kprime	0	-0.29459588901155576	-1.1412779856511323e-05	0.04532313516994072	1.5014796576970348	-0.012409231191853687
-1.3648738807272114	-0.926775179733399	300.0	Kprime	0	-0.2969616813933799	-1.1504431738452254e-05	0.042957342788116526	1.5022322897555729	-0.011656599133315775
-1.3598738807272115	-0.9217751797333991	300.0	Kprime	0	-0.2992973175626731	-1.1594915354888608e-05	0.040621706618823306	1.5029639987669592	-0.010924890121928958
-1.3548738807272114	-0.916775179733399	300.0	Kprime	0	-0.3016006008819961	-1.1684145607078505e-05	0.03831842329950034	1.5036744924428789	-0.010214396446009983
-1.3498738807272115	-0.911775179733399	300.0	Kprime	0	-0.3038683452579546	-1.177199906430255e-05	0.036050678923541905	1.5043631641390212	-0.009525724749867313
-1.3448738807272114	-0.9067751797333989	300.0	Kprime	0	-0.30609708008831676	-1.185834127383849e-05	0.03382194409317971	1.5050293229705733	-0.008859565918315531
-1.3398738807272115	-0.901775179733399	300.0	Kprime	0	-0.3082835985157903	-1.1943048000564e-05	0.03163542566570595	1.5056723812429038	-0.008216507645984892
-1.3348738807272116	-0.8967751797333992	300.0	Kprime	0	-0.31042524280708	-1.2026016282672259e-05	0.029493781374416335	1.5062919674048758	-0.007596921484012661
-1.3298738807272115	-0.891775179733399	300.0	Kprime	0	-0.31251987785969526	-1.2107163405313512e-05	0.027399146321801036	1.5068879492198797	-0.007000939669008944
-1.3248738807272114	-0.8867751797333989	300.0	Kprime	0	-0.3145655721846705	-1.2186414541719361e-05	0.025353451996825895	1.5074603709009295	-0.00642851798795873
-1.3198738807272115	-0.881775179733399	300.0	Kprime	0	-0.3165600740710703	-1.2263682459575418e-05	0.023358950110426206	1.508009326449663	-0.005879562439226233
-1.3148738807272116	-0.8767751797333991	300.0	Kprime	0	-0.3185002250130326	-1.2338844796915946e-05	0.021418799168463912	1.508534805882944	-0.005354083005945407
-1.3098738807272114	-0.871775179733399	300.0	Kprime	0	-0.3203814773576648	-1.2411725375582103e-05	0.019537546823831478	1.509036557737003	-0.004852331151885779
-1.3048738807272113	-0.8667751797333989	300.0	Kprime	0	-0.32219766672383154	-1.2482085384621416e-05	0.017721357457665034	1.5095140074764826	-0.00437488141240685
-1.2998738807272114	-0.861775179733399	300.0	Kprime	0	-0.3239411310789151	-1.2549627993376091e-05	0.015977893102581357	1.5099662570934267	-0.0039226317954619725
-1.2948738807272115	-0.8567751797333991	300.0	Kprime	0	-0.32560318154035167	-1.2614016590550455e-05	0.014315842641144803	1.5103921697782157	-0.00349671911067378
-1.2898738807272114	-0.851775179733399	300.0	Kprime	0	-0.32717484134102837	-1.2674903412069367e-05	0.01274418284046813	1.5107905215460014	-0.003098367342887479
-1.2848738807272115	-0.8467751797333991	300.0	Kprime	0	-0.3286477074218588	-1.2731962919569761e-05	0.011271316759637455	1.5111601860746906	-0.002728702814198755
-1.2798738807272114	-0.841775179733399	300.0	Kprime	0	-0.330014771794661	-1.278492362037526e-05	0.009904252386835491	1.5115003141951764	-0.0023885746937120653
-1.2748738807272115	-0.8367751797333991	300.0	Kprime	0	-0.3312710671046474	-1.283359307688312e-05	0.008647957076849072	1.5118104755504702	-0.002078413338418441
-1.2698738807272114	-0.831775179733399	300.0	Kprime	0	-0.33241405656293266	-1.2877873012728429e-05	0.007504967618563707	1.5120907430667325	-0.0017981458221562583
-1.2648738807272115	-0.8267751797333991	300.0	Kprime	0	-0.33344375004908283	-1.2917763810650101e-05	0.00647527413241353	1.5123417156018084	-0.0015471732870802437
-1.2598738807272114	-0.821775179733399	300.0	Kprime	0	-0.33436257749305914	-1.2953359607249324e-05	0.005556446688437371	1.512564485984862	-0.0013244029040269329
-1.2548738807272115	-0.8167751797333991	300.0	Kprime	0	-0.33517507948278824	-1.2984836306984913e-05	0.004743944698708068	1.512760568566254	-0.001128320322635729
-1.2498738807272114	-0.811775179733399	300.0	Kprime	0	-0.3358874844555997	-1.3012435202375683e-05	0.004031539725896685	1.5129318025496348	-0.0009570863392542095
-1.2448738807272115	-0.8067751797333991	300.0	Kprime	0	-0.3365072375640984	-1.3036444722048265e-05	0.0034117866173979713	1.5130802461743285	-0.0008086427145601781
-1.2398738807272114	-0.801775179733399	300.0	Kprime	0	-0.3370425345440582	-1.3057182372565502e-05	0.0028764896374381525	1.5132080738141716	-0.0006808150747173779
-1.2348738807272115	-0.7967751797333991	300.0	Kprime	0	-0.3375018992340973	-1.3074978371344918e-05	0.0024171249473991145	1.5133174844388608	-0.0005714044500275788
-1.2298738807272114	-0.791775179733399	300.0	Kprime	0	-0.3378938286547088	-1.309016189685757e-05	0.0020251955267877207	1.5134106263713984	-0.00047826251749079254
-1.2248738807272115	-0.786775179733399	300.0	Kprime	0	-0.33822651645100277	-1.310305037467303e-05	0.0016925077304937777	1.513489540269212	-0.00039934861967681236
-1.2198738807272114	-0.7817751797333989	300.0	Kprime	0	-0.33850765504457697	-1.3113941812732118e-05	0.001411369136919415	1.5135561199521863	-0.00033276893670275334
-1.2148738807272115	-0.776775179733399	300.0	Kprime	0	-0.3387443094849852	-1.312310991429493e-05	0.0011747146965110312	1.5136120891532234	-0.0002767997356655593
-1.2098738807272114	-0.7717751797333989	300.0	Kprime	0	-0.3389428516963498	-1.3130801530624445e-05	0.00097617248514662	1.513658991423051	-0.00022989746583765644
-1.2048738807272115	-0.766775179733399	300.0	Kprime	0	-0.3391089421292383	-1.313723595017181e-05	0.000810082052258114	1.5136981901507789	-0.0001906987381098258
-1.1998738807272114	-0.7617751797333989	300.0	Kprime	0	-0.33924754606999347	-1.3142605530407268e-05	0.0006714781115029465	1.5137308757988905	-0.0001580130899983816
-1.1948738807272115	-0.756775179733399	300.0	Kprime	0	-0.33936297330527043	-1.314707723444252e-05	0.0005560508762257974	1.513758077831192	-0.0001308110576977998
-1.1898738807272116	-0.7517751797333991	300.0	Kprime	0	-0.33945893186325615	-1.3150794712990214e-05	0.0004600923182401777	1.513780679298335	-0.00010820959055320747
-1.1848738807272114	-0.746775179733399	300.0	Kprime	0	-0.33953858869603143	-1.315388065522648e-05	0.0003804354854649331	1.5137994325411	-8.94563477893486e-05
-1.1798738807272113	-0.7417751797333989	300.0	Kprime	0	-0.33960463214380876	-1.3156439208684156e-05	0.0003143920376877142	1.5138149749183067	-7.39139705812332e-05
-1.1748738807272114	-0.736775179733399	300.0	Kprime	0	-0.33965933268824616	-1.315855833286403e-05	0.00025969149325044124	1.5138278438369657	-6.104505192325973e-05
-1.4748738807272115	-1.036775179733399	300.0	rest	0	-1.2055894125504925e-10	-4.670508678496823e-15	-6.424511087215927e-12	14.969317766981282	-0.002904455240953381
-1.4698738807272116	-1.0317751797333992	300.0	rest	0	-1.1947587459862644e-10	-4.62855017947922e-15	-5.341104780099349e-12	14.969809010772103	-0.002413211450125418
-1.4648738807272115	-1.026775179733399	300.0	rest	0	-1.185681502884428e-10	-4.5933845233755694e-15	-4.434210538155743e-12	14.970219874727837	-0.002002347494406797
-1.4598738807272116	-1.0217751797333992	300.0	rest	0	-1.178114799250752e-10	-4.564070766452362e-15	-3.676927236185704e-12	14.970562674302814	-0.0016595479194160246
-1.4548738807272115	-1.016775179733399	300.0	rest	0	-1.1718072587749545e-10	-4.539635065354209e-15	-3.0458955110519416e-12	14.970848097811347	-0.0013741244108772036
-1.4498738807272116	-1.0117751797333991	300.0	rest	0	-1.1665658479647032e-10	-4.519329599478346e-15	-2.5210141326454223e-12	14.971085338550822	-0.0011368836714260014
-1.4448738807272115	-1.006775179733399	300.0	rest	0	-1.1621956327051205e-10	-4.502399185123097e-15	-2.085075078434339e-12	14.971282245417783	-0.0009399768044851166
-1.4398738807272116	-1.0017751797333991	300.0	rest	0	-1.1585807889745112e-10	-4.4883951147161554e-15	-1.7234742644272841e-12	14.971445478464672	-0.000776743757578785
-1.4348738807272114	-0.996775179733399	300.0	rest	0	-1.1555817978662593e-10	-4.4767768856142646e-15	-1.4238788536000818e-12	14.971580660323644	-0.0006415618985934883
-1.4298738807272116	-0.9917751797333991	300.0	rest	0	-1.1531048057706441e-10	-4.4671809046287786e-15	-1.175862619406404e-12	14.971692517899765	-0.0005297043224782523
-1.4248738807272114	-0.986775179733399	300.0	rest	0	-1.1510558055283855e-10	-4.459242983713012e-15	-9.707119753625347e-13	14.971785011290885	-0.0004372109313906943
-1.4198738807272115	-0.9817751797333991	300.0	rest	0	-1.1493560068058837e-10	-4.452657885500888e-15	-8.011178271170962e-13	14.971861448675568	-0.00036077354666549916
-1.4148738807272114	-0.976775179733399	300.0	rest	0	-1.1479537957454937e-10	-4.4472256555406224e-15	-6.609927069781034e-13	14.971924587093303	-0.00029763512895245535
-1.4098738807272115	-0.9717751797333991	300.0	rest	0	-1.1467953920621523e-10	-4.442737946541252e-15	-5.452719049453462e-13	14.971976719772858	-0.00024550244941232656
-1.4048738807272114	-0.966775179733399	300.0	rest	0	-1.1458443432965896e-10	-4.439053540003675e-15	-4.4973248925678053e-13	14.972019751081017	-0.00020247114125067987
-1.3998738807272115	-0.9617751797333991	300.0	rest	0	-1.1450502301556984e-10	-4.435977109273917e-15	-3.708843451740606e-13	14.972055260356123	-0.0001669618661652674
-1.3948738807272114	-0.956775179733399	300.0	rest	0	-1.1444039435329046e-10	-4.433473365255322e-15	-3.0582513722384607e-13	14.972084555943303	-0.0001376662789348714
-1.3898738807272115	-0.9517751797333991	300.0	rest	0	-1.1438657348020878e-10	-4.4313883199472314e-15	-2.5215293452773253e-13	14.972108720711313	-0.00011350151096549308
-1.3848738807272114	-0.946775179733399	300.0	rest	0	-1.1434267088509174e-10	-4.4296875132765015e-15	-2.0788465233357286e-13	14.972128650240052	-9.357198223716986e-05
-1.3798738807272115	-0.9417751797333991	300.0	rest	0	-1.1430562799805638e-10	-4.428252454843057e-15	-1.713841002200883e-13	14.972145084757024	-7.713746524978468e-05
-1.3748738807272114	-0.936775179733399	300.0	rest	0	-1.1427581720051827e-10	-4.427097570873729e-15	-1.4127820068121186e-13	14.972158635774596	-6.358644769560402e-05
-1.3698738807272115	-0.9317751797333991	300.0	rest	0	-1.1425062300656033e-10	-4.426121536244498e-15	-1.164560167474459e-13	14.972169808259839	-5.241396243766792e-05
-1.3648738807272114	-0.926775179733399	300.0	rest	0	-1.1423030523330949e-10	-4.425334416390028e-15	-9.599097840696018e-14	14.972179019054272	-4.320316800386537e-05
-1.3598738807272115	-0.9217751797333991	300.0	rest	0	-1.1421420370321042e-10	-4.424710635729034e-15	-7.912774707342214e-14	14.972186612155157	-3.561006713586674e-05
-1.3548738807272114	-0.916775179733399	300.0	rest	0	-1.1419990633552194e-10	-4.424156749147305e-15	-6.521701648479429e-14	14.972192871378558	-2.935084373042513e-05
-1.3498738807272115	-0.911775179733399	300.0	rest	0	-1.1418832735721037e-10	-4.4237081742168234e-15	-5.375694695054679e-14	14.972198030842604	-2.4191379683336552e-05
-1.3448738807272114	-0.9067751797333989	300.0	rest	0	-1.1417856662261993e-10	-4.423330038882036e-15	-4.430292702811401e-14	14.972202283639028	-1.9938583273309993e-05
-1.3398738807272115	-0.901775179733399	300.0	rest	0	-1.1417121355306867e-10	-4.4230451775951394e-15	-3.651163825336403e-14	14.972205789001578	-1.6433220729446402e-05
-1.3348738807272116	-0.8967751797333992	300.0	rest	0	-1.1416390371886808e-10	-4.422761991265558e-15	-3.0090552409772967e-14	14.972208678228721	-1.3543993596035083e-05
-1.3298738807272115	-0.891775179733399	300.0	rest	0	-1.1415939953509158e-10	-4.4225874971202155e-15	-2.4804622596778696e-14	14.972211059574771	-1.1162647550963754e-05
-1.3248738807272114	-0.8867751797333989	300.0	rest	0	-1.1415480394951464e-10	-4.422409462027203e-15	-2.0443925155064213e-14	14.972213022287807	-9.199934513822979e-06
-1.3198738807272115	-0.881775179733399	300.0	rest	0	-1.1415147999320025e-10	-4.422280690435053e-15	-1.6851330173200034e-14	14.972214639942143	-7.582280181400971e-06
-1.3148738807272116	-0.8767751797333991	300.0	rest	0	-1.1414793856425665e-10	-4.422143493853504e-15	-1.3889789272660474e-14	14.972215973187927	-6.249034428316728e-06
-1.3098738807272114	-0.871775179733399	300.0	rest	0	-1.1414608511909038e-10	-4.4220716905376815e-15	-1.1443811690137434e-14	14.972217072019232	-5.150203087316099e-06
-1.3048738807272113	-0.8667751797333989	300.0	rest	0	-1.1414389815834852e-10	-4.421986966675494e-15	-9.43065014368523e-15	14.972217977645192	-4.244577145206018e-06
-1.2998738807272114	-0.861775179733399	300.0	rest	0	-1.1414232171845106e-10	-4.421925894670833e-15	-7.774752065499362e-15	14.972218724032395	-3.4981899355508783e-06
-1.2948738807272115	-0.8567751797333991	300.0	rest	0	-1.1414128912122698e-10	-4.421885891380772e-15	-6.40425538184726e-15	14.972219339177368	-2.8830449667340722e-06
-1.2898738807272114	-0.851775179733399	300.0	rest	0	-1.1413938463385634e-10	-4.421812110666542e-15	-5.281637600425315e-15	14.972219846155317	-2.3760670089529614e-06
-1.2848738807272115	-0.8467751797333991	300.0	rest	0	-1.1413838329245881e-10	-4.421773318241537e-15	-4.351525599277649e-15	14.972220263985022	-1.9582373263359483e-06
-1.2798738807272114	-0.841775179733399	300.0	rest	0	-1.1413807166511836e-10	-4.42176124565544e-15	-3.588604796900127e-15	14.972220608341548	-1.6138807709895459e-06
-1.2748738807272115	-0.8367751797333991	300.0	rest	0	-1.1413709551077677e-10	-4.421723428988534e-15	-2.9534400670575115e-15	14.972220892144275	-1.330078101228376e-06
-1.2698738807272114	-0.831775179733399	300.0	rest	0	-1.1413684257942976e-10	-4.421713630312144e-15	-2.4349745268007073e-15	14.972221126040823	-1.0961815489307481e-06
-1.2648738807272115	-0.8267751797333991	300.0	rest	0	-1.1413630124530546e-10	-4.421692658779887e-15	-2.0072368969071837e-15	14.97222131880687	-9.034155103233427e-07
-1.2598738807272114	-0.821775179733399	300.0	rest	0	-1.1413580349465819e-10	-4.421673375691518e-15	-1.6551593353555625e-15	14.972221477674944	-7.445474121869174e-07
-1.2548738807272115	-0.8167751797333991	300.0	rest	0	-1.1413581784500298e-10	-4.421673931630457e-15	-1.3592926574485698e-15	14.97222160860592	-6.136164272849023e-07
-1.2498738807272114	-0.811775179733399	300.0	rest	0	-1.1413559880357536e-10	-4.421665445865088e-15	-1.1255694019208913e-15	14.972221716512484	-5.05709875648024e-07
-1.2448738807272115	-0.8067751797333991	300.0	rest	0	-1.1413517994389361e-10	-4.421649219048907e-15	-9.218449168627918e-16	14.972221805443404	-4.1677893265298177e-07
-1.2398738807272114	-0.801775179733399	300.0	rest	0	-1.1413516058018133e-10	-4.421648468889812e-15	-7.659130572676931e-16	14.972221878735589	-3.4348673618204674e-07
-1.2348738807272115	-0.7967751797333991	300.0	rest	0	-1.1413412191666774e-10	-4.421608230588914e-15	-6.281604433937763e-16	14.972221939139152	-2.830831983643165e-07
-1.2298738807272114	-0.791775179733399	300.0	rest	0	-1.1413508051664877e-10	-4.42164536719184e-15	-5.233418400956698e-16	14.972221988920538	-2.3330182785290451e-07
-1.2248738807272115	-0.786775179733399	300.0	rest	0	-1.1413437150744681e-10	-4.42161789985017e-15	-4.2578089807038334e-16	14.972222029947647	-1.922746933307312e-07
-1.2198738807272114	-0.7817751797333989	300.0	rest	0	-1.1413481327346725e-10	-4.421635014068417e-15	-3.512004778485053e-16	14.97222206376003	-1.5846233914413477e-07
-1.2148738807272115	-0.776775179733399	300.0	rest	0	-1.14134676242529e-10	-4.42162970542702e-15	-2.9508098095721603e-16	14.972222091626328	-1.3059602420698637e-07
-1.2098738807272114	-0.7717751797333989	300.0	rest	0	-1.1413436321437393e-10	-4.4216175785727225e-15	-2.373767861461045e-16	14.972222114592254	-1.0763011753197045e-07
-1.2048738807272115	-0.766775179733399	300.0	rest	0	-1.1413401841172504e-10	-4.421604220759961e-15	-1.9680082778773402e-16	14.972222133519525	-8.870286450371793e-08
-1.1998738807272114	-0.7617751797333989	300.0	rest	0	-1.1413449835212794e-10	-4.421622813871294e-15	-1.61354862941247e-16	14.972222149118334	-7.310405235246144e-08
-1.1948738807272115	-0.756775179733399	300.0	rest	0	-1.1413364213003125e-10	-4.4215896434345625e-15	-1.3344506846283018e-16	14.972222161974049	-6.024836134313416e-08
-1.1898738807272116	-0.7517751797333991	300.0	rest	0	-1.1413459838703316e-10	-4.421626689269403e-15	-1.0992746471667435e-16	14.972222172568996	-4.9653402172507594e-08
-1.1848738807272114	-0.746775179733399	300.0	rest	0	-1.1413474019859412e-10	-4.421632183114316e-15	-9.1021205483223e-17	14.972222181300777	-4.0921615438687595e-08
-1.1798738807272113	-0.7417751797333989	300.0	rest	0	-1.1413489030315774e-10	-4.421637998233956e-15	-7.911474352093535e-17	14.972222188497046	-3.372535404514899e-08
-1.1748738807272114	-0.736775179733399	300.0	rest	0	-1.1413428846870639e-10	-4.42161468289128e-15	-6.166761671305538e-17	14.972222194427792	-2.7794589004895274e-08
-1.4748738807272115	-1.036775179733399	300.0	valley	0	0.4584094392465777	1.7758991925589205e-05	-0.2214286087908614	-2.2193723941965615e-10	-2.2193739400062793e-10
-1.4698738807272116	-1.0317751797333992	300.0	valley	0	0.4660854440404781	1.8056363871899274e-05	-0.2137526039969605	-2.4412208192436946e-10	-2.4412207496684083e-10
-1.4648738807272115	-1.026775179733399	300.0	valley	0	0.47372843819082766	1.835245697073787e-05	-0.2061096098466113	-2.651227674899115e-10	-2.651235395519726e-10
-1.4598738807272116	-1.0217751797333992	300.0	valley	0	0.4813124847727413	1.8646266413739e-05	-0.1985255632646976	-2.8427498549588037e-10	-2.8427510645260876e-10
-1.4548738807272115	-1.016775179733399	300.0	valley	0	0.48880885215325376	1.8936679124263844e-05	-0.19102919588418502	-3.0135753094351347e-10	-3.0135734333376247e-10
-1.4498738807272116	-1.0117751797333991	300.0	valley	0	0.4961873309436781	1.922252477673915e-05	-0.18365071709376066	-3.165763831636248e-10	-3.165756067592493e-10
-1.4448738807272115	-1.006775179733399	300.0	valley	0	0.5034180121429596	1.9502644682746315e-05	-0.17642003589447913	-3.3046436073713714e-10	-3.304636498664302e-10
-1.4398738807272116	-1.0017751797333991	300.0	valley	0	0.5104733452860971	1.9775971524635198e-05	-0.16936470275134174	-3.437353283952671e-10	-3.437357581588205e-10
-1.4348738807272114	-0.996775179733399	300.0	valley	0	0.5173301849565509	2.004160863835342e-05	-0.16250786308088777	-3.571226162013552e-10	-3.5712299375824464e-10
-1.4298738807272116	-0.9917751797333991	300.0	valley	0	0.523971505309609	2.0298896434867944e-05	-0.15586654272782993	-3.7123005537653686e-10	-3.7123045902712326e-10
-1.4248738807272114	-0.986775179733399	300.0	valley	0	0.5303875276714775	2.054745608387101e-05	-0.14945052036596135	-3.8644537743437457e-10	-3.8644352731621206e-10
-1.4198738807272115	-0.9817751797333991	300.0	valley	0	0.5365761384519739	2.0787205703909557e-05	-0.14326190958546492	-4.028954028040266e-10	-4.0289530769408507e-10
-1.4148738807272114	-0.976775179733399	300.0	valley	0	0.5425426185609317	2.1018349879852613e-05	-0.13729542947650716	-4.2048896309321293e-10	-4.2048928952372306e-10
-1.4098738807272115	-0.9717751797333991	300.0	valley	0	0.54829880673766	2.124134724989085e-05	-0.1315392412997789	-4.3895657421411105e-10	-4.389570210075265e-10
-1.4048738807272114	-0.966775179733399	300.0	valley	0	0.5538618516480137	2.1456862161204712e-05	-0.12597619638942495	-4.579252151082347e-10	-4.5792421664104307e-10
-1.3998738807272115	-0.9617751797333991	300.0	valley	0	0.5592526845966885	2.166570550213823e-05	-0.12058536344075028	-4.769628112605284e-10	-4.769627770276919e-10
-1.3948738807272114	-0.956775179733399	300.0	valley	0	0.5644943066066392	2.1868768342870083e-05	-0.11534374143079965	-4.956172625081301e-10	-4.956164486337169e-10
-1.3898738807272115	-0.9517751797333991	300.0	valley	0	0.5696099709276132	2.2066951524960568e-05	-0.1102280771098256	-5.134023779024277e-10	-5.134035367521315e-10
-1.3848738807272114	-0.946775179733399	300.0	valley	0	0.5746213707365063	2.2261095452032193e-05	-0.1052166773009324	-5.298096735634195e-10	-5.298106203604102e-10
-1.3798738807272115	-0.9417751797333991	300.0	valley	0	0.5795469950652322	2.2451916397661272e-05	-0.1002910529722061	-5.442961671653368e-10	-5.442957049115848e-10
-1.3748738807272114	-0.936775179733399	300.0	valley	0	0.584400855588748	2.2639957180562094e-05	-0.09543719244869067	-5.563144857972935e-10	-5.563136074153392e-10
-1.3698738807272115	-0.9317751797333991	300.0	valley	0	0.5891917760867783	2.282555963800821e-05	-0.09064627195066087	-5.653649458314813e-10	-5.653654411190683e-10
-1.3648738807272114	-0.926775179733399	300.0	valley	0	0.5939233607858729	2.300886339938923e-05	-0.08591468725156606	-5.710624161048283e-10	-5.710619054439904e-10
-1.3598738807272115	-0.9217751797333991	300.0	valley	0	0.5985946330736751	2.3189830630294538e-05	-0.08124341496376383	-5.73181668794831e-10	-5.731829475562893e-10
-1.3548738807272114	-0.916775179733399	300.0	valley	0	0.6032011996752624	2.3368291133238662e-05	-0.07663684836217613	-5.717162403218179e-10	-5.717157023013261e-10
-1.3498738807272115	-0.911775179733399	300.0	valley	0	0.6077366884031135	2.3543998046754424e-05	-0.07210135963432532	-5.668575227268935e-10	-5.668584906786379e-10
-1.3448738807272114	-0.9067751797333989	300.0	valley	0	0.6121941580514727	2.3716682465347274e-05	-0.06764388998596609	-5.589867856786723e-10	-5.58987468929051e-10
-1.3398738807272115	-0.901775179733399	300.0	valley	0	0.6165671949041474	2.3886095918710262e-05	-0.06327085313329096	-5.485913476960258e-10	-5.485916273044604e-10
-1.3348738807272116	-0.8967751797333992	300.0	valley	0	0.6208504834929274	2.405203248316699e-05	-0.058987564544511456	-5.361874624854046e-10	-5.36188298731824e-10
-1.3298738807272115	-0.891775179733399	300.0	valley	0	0.6250397536115101	2.421432672896677e-05	-0.05479829442592891	-5.222363062828972e-10	-5.222358719121066e-10
-1.3248738807272114	-0.8867751797333989	300.0	valley	0	0.6291311422811936	2.4372829002542933e-05	-0.050706905756245056	-5.070602375478739e-10	-5.070611241061876e-10
-1.3198738807272115	-0.881775179733399	300.0	valley	0	0.6331201460800208	2.452736483926337e-05	-0.04671790195741851	-4.908176174517331e-10	-4.90817213581024e-10
-1.3148738807272116	-0.8767751797333991	300.0	valley	0	0.6370004479968323	2.467768951521848e-05	-0.04283760004060634	-4.734833081165846e-10	-4.73482346636329e-10
-1.3098738807272114	-0.871775179733399	300.0	valley	0	0.6407629527268752	2.482345067413057e-05	-0.039075095310563704	-4.549006327875249e-10	-4.5490068772947827e-10
-1.3048738807272113	-0.8667751797333989	300.0	valley	0	0.644395331509052	2.496417069414015e-05	-0.03544271652838665	-4.348565899731094e-10	-4.3485595619110923e-10
-1.2998738807272114	-0.861775179733399	300.0	valley	0	0.6478822602790858	2.5099255913968763e-05	-0.03195578775835343	-4.1315823678944597e-10	-4.131594298170963e-10
-1.2948738807272115	-0.8567751797333991	300.0	valley	0	0.6512063612722544	2.5228033111040768e-05	-0.028631686765184378	-3.897305707323273e-10	-3.8972988118099796e-10
-1.2898738807272114	-0.851775179733399	300.0	valley	0	0.6543496809539874	2.5349806757192532e-05	-0.025488367083451206	-3.6464648661693744e-10	-3.6464615954402727e-10
-1.2848738807272115	-0.8467751797333991	300.0	valley	0	0.6572954132049632	2.5463925775653427e-05	-0.022542634832475726	-3.3816305311518136e-10	-3.381621377502011e-10
-1.2798738807272114	-0.841775179733399	300.0	valley	0	0.6600295420469667	2.5569847180998973e-05	-0.019808505990472233	-3.1068384670485116e-10	-3.106850430824006e-10
-1.2748738807272115	-0.8367751797333991	300.0	valley	0	0.6625421327680888	2.5667186097933264e-05	-0.017295915269350152	-2.827278116485088e-10	-2.827275541858275e-10
-1.2698738807272114	-0.831775179733399	300.0	valley	0	0.6648281117879958	2.575574597362718e-05	-0.0150099362494427	-2.54848423614229e-10	-2.5484814368480073e-10
-1.2648738807272115	-0.8267751797333991	300.0	valley	0	0.6668874988632844	2.5835527573460334e-05	-0.01295054917415446	-2.2759412930672962e-10	-2.2759327159033075e-10
-1.2598738807272114	-0.821775179733399	300.0	valley	0	0.668725153851571	2.590671917054577e-05	-0.011112894185868371	-2.0145013435168835e-10	-2.0145074129823697e-10
-1.2548738807272115	-0.8167751797333991	300.0	valley	0	0.6703501579267757	2.5969672573726206e-05	-0.009487890110662898	-1.768190680678794e-10	-1.7681847338001076e-10
-1.2498738807272114	-0.811775179733399	300.0	valley	0	0.6717749679620735	2.6024870367981795e-05	-0.008063080075365322	-1.5398898475793565e-10	-1.539889262187169e-10
-1.2448738807272115	-0.8067751797333991	300.0	valley	0	0.6730144742616547	2.6072889410526294e-05	-0.006823573775784567	-1.3314705761546808e-10	-1.3314699087141527e-10
-1.2398738807272114	-0.801775179733399	300.0	valley	0	0.674085068296486	2.611436471446288e-05	-0.005752979740952858	-1.1437800359614947e-10	-1.143778918849742e-10
-1.2348738807272115	-0.7967751797333991	300.0	valley	0	0.6750037977436091	2.6149956714619063e-05	-0.004834250293829902	-9.768108370777906e-11	-9.768159569248561e-11
-1.2298738807272114	-0.791775179733399	300.0	valley	0	0.6757876566441253	2.6180323767941412e-05	-0.0040503913933137466	-8.299082775165001e-11	-8.299051020762547e-11
-1.2248738807272115	-0.786775179733399	300.0	valley	0	0.6764530322886052	2.620610072558265e-05	-0.0033850157488339006	-7.018815043058346e-11	-7.018780329530477e-11
-1.2198738807272114	-0.7817751797333989	300.0	valley	0	0.6770153095207553	2.6227883603444212e-05	-0.0028227385166837136	-5.91242853287266e-11	-5.912448845249225e-11
-1.2148738807272115	-0.776775179733399	300.0	valley	0	0.6774886184402905	2.624621980806982e-05	-0.0023494295971487225	-4.963394972801183e-11	-4.9634055018244485e-11
-1.2098738807272114	-0.7717751797333989	300.0	valley	0	0.6778857028961048	2.6261603042010582e-05	-0.0019523451413338802	-4.1544869974763365e-11	-4.1544186211182796e-11
-1.2048738807272115	-0.766775179733399	300.0	valley	0	0.6782178837899904	2.627447188219425e-05	-0.0016201642474481296	-3.468570743125898e-11	-3.468544156591418e-11
-1.1998738807272114	-0.7617751797333989	300.0	valley	0	0.6784950916952629	2.628521104358572e-05	-0.001342956342175787	-2.8897467752031503e-11	-2.88972413352204e-11
-1.1948738807272115	-0.756775179733399	300.0	valley	0	0.6787259461858203	2.629415445243117e-05	-0.0011121018516182587	-2.4031910142441326e-11	-2.4031558707595565e-11
-1.1898738807272116	-0.7517751797333991	300.0	valley	0	0.6789178633185713	2.6301589410176605e-05	-0.0009201847188675541	-1.9954623023399343e-11	-1.9954844432560308e-11
-1.1848738807272114	-0.746775179733399	300.0	valley	0	0.6790771769981553	2.63077612951928e-05	-0.00076087103928366	-1.6548725931264663e-11	-1.654863429570506e-11
-1.1798738807272113	-0.7417751797333989	300.0	valley	0	0.6792092639054167	2.6312878402561678e-05	-0.000628784132021689	-1.3708959314961966e-11	-1.3709254681636846e-11
-1.1748738807272114	-0.736775179733399	300.0	valley	0	0.6793186650040387	2.6317116651299035e-05	-0.0005193830334003271	-1.1346382167154445e-11	-1.1346980366102895e-11
