# mu_eV	mu_minus_reference_eV	temperature_K	region	band_id	sigma_e2_over_h	sigma_S	delta_sigma_e2_over_h	electrons_per_cell	delta_electrons_per_cell
-1.4748738806724562	-1.0367751798674918	0.0	total	0	7.447893051899099e-06	2.885347928016417e-10	4.841365743198101e-07	17.888888888888886	-0.11111111111111113
-1.4698738806724563	-1.031775179867492	0.0	total	0	7.447893051899099e-06	2.885347928016417e-10	4.841365743198101e-07	17.888888888888886	-0.11111111111111113
-1.4648738806724562	-1.0267751798674918	0.0	total	0	7.447893051899099e-06	2.885347928016417e-10	4.841365743198101e-07	17.888888888888886	-0.11111111111111113
-1.4598738806724563	-1.021775179867492	0.0	total	0	6.576353212767858e-06	2.547709397025444e-10	-3.8740326475938947e-07	17.97222222222222	-0.027777777777777776
-1.4548738806724562	-1.0167751798674918	0.0	total	0	6.576353212767858e-06	2.547709397025444e-10	-3.8740326475938947e-07	17.97222222222222	-0.027777777777777776
-1.4498738806724563	-1.0117751798674919	0.0	total	0	6.576353212767858e-06	2.547709397025444e-10	-3.8740326475938947e-07	17.97222222222222	-0.027777777777777776
-1.4448738806724561	-1.0067751798674918	0.0	total	0	6.576353212767858e-06	2.547709397025444e-10	-3.8740326475938947e-07	17.97222222222222	-0.027777777777777776
-1.4398738806724563	-1.0017751798674919	0.0	total	0	6.576353212767858e-06	2.547709397025444e-10	-3.8740326475938947e-07	17.97222222222222	-0.027777777777777776
-1.4348738806724561	-0.9967751798674918	0.0	total	0	6.576353212767858e-06	2.547709397025444e-10	-3.8740326475938947e-07	17.97222222222222	-0.027777777777777776
-1.4298738806724562	-0.9917751798674919	0.0	total	0	6.576353212767858e-06	2.547709397025444e-10	-3.8740326475938947e-07	17.97222222222222	-0.027777777777777776
-1.4248738806724561	-0.9867751798674917	0.0	total	0	6.576353212767858e-06	2.547709397025444e-10	-3.8740326475938947e-07	17.97222222222222	-0.027777777777777776
-1.4198738806724562	-0.9817751798674919	0.0	total	0	6.906619067654349e-06	2.6756559039705625e-10	-5.7137409810448236e-08	17.98611111111111	-0.013888888888888888
-1.4148738806724561	-0.9767751798674917	0.0	total	0	6.906619067654349e-06	2.6756559039705625e-10	-5.7137409810448236e-08	17.98611111111111	-0.013888888888888888
-1.4098738806724562	-0.9717751798674918	0.0	total	0	6.906619067654349e-06	2.6756559039705625e-10	-5.7137409810448236e-08	17.98611111111111	-0.013888888888888888
-1.404873880672456	-0.9667751798674917	0.0	total	0	6.906619067654349e-06	2.6756559039705625e-10	-5.7137409810448236e-08	17.98611111111111	-0.013888888888888888
-1.3998738806724562	-0.9617751798674918	0.0	total	0	6.906619067654349e-06	2.6756559039705625e-10	-5.7137409810448236e-08	17.98611111111111	-0.013888888888888888
-1.394873880672456	-0.9567751798674917	0.0	total	0	6.906619067654349e-06	2.6756559039705625e-10	-5.7137409810448236e-08	17.98611111111111	-0.013888888888888888
-1.3898738806724562	-0.9517751798674918	0.0	total	0	6.906619067654349e-06	2.6756559039705625e-10	-5.7137409810448236e-08	17.98611111111111	-0.013888888888888888
-1.384873880672456	-0.9467751798674917	0.0	total	0	6.906619067654349e-06	2.6756559039705625e-10	-5.7137409810448236e-08	17.98611111111111	-0.013888888888888888
-1.3798738806724562	-0.9417751798674918	0.0	total	0	6.906619067654349e-06	2.6756559039705625e-10	-5.7137409810448236e-08	17.98611111111111	-0.013888888888888888
-1.374873880672456	-0.9367751798674917	0.0	total	0	6.906619067654349e-06	2.6756559039705625e-10	-5.7137409810448236e-08	17.98611111111111	-0.013888888888888888
-1.3698738806724562	-0.9317751798674918	0.0	total	0	6.906619067654349e-06	2.6756559039705625e-10	-5.7137409810448236e-08	17.98611111111111	-0.013888888888888888
-1.364873880672456	-0.9267751798674917	0.0	total	0	6.906619067654349e-06	2.6756559039705625e-10	-5.7137409810448236e-08	17.98611111111111	-0.013888888888888888
-1.3598738806724562	-0.9217751798674918	0.0	total	0	6.906619067654349e-06	2.6756559039705625e-10	-5.7137409810448236e-08	17.98611111111111	-0.013888888888888888
-1.354873880672456	-0.9167751798674917	0.0	total	0	6.906619067654349e-06	2.6756559039705625e-10	-5.7137409810448236e-08	17.98611111111111	-0.013888888888888888
-1.3498738806724562	-0.9117751798674918	0.0	total	0	6.906619067654349e-06	2.6756559039705625e-10	-5.7137409810448236e-08	17.98611111111111	-0.013888888888888888
-1.344873880672456	-0.9067751798674917	0.0	total	0	6.906619067654349e-06	2.6756559039705625e-10	-5.7137409810448236e-08	17.98611111111111	-0.013888888888888888
-1.3398738806724562	-0.9017751798674918	0.0	total	0	6.906619067654349e-06	2.6756559039705625e-10	-5.7137409810448236e-08	17.98611111111111	-0.013888888888888888
-1.3348738806724563	-0.8967751798674919	0.0	total	0	6.906619067654349e-06	2.6756559039705625e-10	-5.7137409810448236e-08	17.98611111111111	-0.013888888888888888
-1.3298738806724562	-0.8917751798674918	0.0	total	0	6.906619067654349e-06	2.6756559039705625e-10	-5.7137409810448236e-08	17.98611111111111	-0.013888888888888888
-1.324873880672456	-0.8867751798674917	0.0	total	0	6.906619067654349e-06	2.6756559039705625e-10	-5.7137409810448236e-08	17.98611111111111	-0.013888888888888888
-1.3198738806724561	-0.8817751798674918	0.0	total	0	6.906619067654349e-06	2.6756559039705625e-10	-5.7137409810448236e-08	17.98611111111111	-0.013888888888888888
-1.3148738806724563	-0.8767751798674919	0.0	total	0	6.906619067648695e-06	2.675655903968372e-10	-5.713740980350934e-08	17.98611111111111	-0.013888888888888888
-1.3098738806724561	-0.8717751798674918	0.0	total	0	6.906619067648695e-06	2.675655903968372e-10	-5.713740980350934e-08	17.98611111111111	-0.013888888888888888
-1.304873880672456	-0.8667751798674916	0.0	total	0	6.906619067648695e-06	2.675655903968372e-10	-5.713740980350934e-08	17.98611111111111	-0.013888888888888888
-1.2998738806724561	-0.8617751798674917	0.0	total	0	6.906619067648695e-06	2.675655903968372e-10	-5.713740980350934e-08	17.98611111111111	-0.013888888888888888
-1.2948738806724562	-0.8567751798674919	0.0	total	0	6.906619067648695e-06	2.675655903968372e-10	-5.713740980350934e-08	17.98611111111111	-0.013888888888888888
-1.2898738806724561	-0.8517751798674917	0.0	total	0	6.906619067648695e-06	2.675655903968372e-10	-5.713740980350934e-08	17.98611111111111	-0.013888888888888888
-1.2848738806724562	-0.8467751798674918	0.0	total	0	6.906619067648695e-06	2.675655903968372e-10	-5.713740980350934e-08	17.98611111111111	-0.013888888888888888
-1.279873880672456	-0.8417751798674917	0.0	total	0	6.906619067648695e-06	2.675655903968372e-10	-5.713740980350934e-08	17.98611111111111	-0.013888888888888888
-1.2748738806724562	-0.8367751798674918	0.0	total	0	6.963756477563227e-06	2.6977911986296025e-10	0.0	18.0	0.0
-1.269873880672456	-0.8317751798674917	0.0	total	0	6.963756477563227e-06	2.6977911986296025e-10	0.0	18.0	0.0
-1.2648738806724562	-0.8267751798674918	0.0	total	0	6.963756477563227e-06	2.6977911986296025e-10	0.0	18.0	0.0
-1.259873880672456	-0.8217751798674917	0.0	total	0	6.963756477563227e-06	2.6977911986296025e-10	0.0	18.0	0.0
-1.2548738806724562	-0.8167751798674918	0.0	total	0	6.963756477563227e-06	2.6977911986296025e-10	0.0	18.0	0.0
-1.249873880672456	-0.8117751798674917	0.0	total	0	6.963756477563227e-06	2.6977911986296025e-10	0.0	18.0	0.0
-1.2448738806724562	-0.8067751798674918	0.0	total	0	6.963756477563227e-06	2.6977911986296025e-10	0.0	18.0	0.0
-1.239873880672456	-0.8017751798674917	0.0	total	0	6.963756477563227e-06	2.6977911986296025e-10	0.0	18.0	0.0
-1.2348738806724562	-0.7967751798674918	0.0	total	0	6.963756477563227e-06	2.6977911986296025e-10	0.0	18.0	0.0
-1.229873880672456	-0.7917751798674917	0.0	total	0	6.963756477563227e-06	2.6977911986296025e-10	0.0	18.0	0.0
-1.2248738806724562	-0.7867751798674918	0.0	total	0	6.963756477563227e-06	2.6977911986296025e-10	0.0	18.0	0.0
-1.219873880672456	-0.7817751798674917	0.0	total	0	6.963756477563227e-06	2.6977911986296025e-10	0.0	18.0	0.0
-1.2148738806724562	-0.7767751798674918	0.0	total	0	6.963756477563227e-06	2.6977911986296025e-10	0.0	18.0	0.0
-1.209873880672456	-0.7717751798674917	0.0	total	0	6.963756477563227e-06	2.6977911986296025e-10	0.0	18.0	0.0
-1.2048738806724562	-0.7667751798674918	0.0	total	0	6.963756477563227e-06	2.6977911986296025e-10	0.0	18.0	0.0
-1.199873880672456	-0.7617751798674917	0.0	total	0	6.963756477563227e-06	2.6977911986296025e-10	0.0	18.0	0.0
-1.1948738806724561	-0.7567751798674918	0.0	total	0	6.963756477563227e-06	2.6977911986296025e-10	0.0	18.0	0.0
-1.1898738806724563	-0.7517751798674919	0.0	total	0	6.963756477563227e-06	2.6977911986296025e-10	0.0	18.0	0.0
-1.1848738806724561	-0.7467751798674918	0.0	total	0	6.963756477563227e-06	2.6977911986296025e-10	0.0	18.0	0.0
-1.179873880672456	-0.7417751798674916	0.0	total	0	6.963756477563227e-06	2.6977911986296025e-10	0.0	18.0	0.0
-1.1748738806724561	-0.7367751798674917	0.0	total	0	6.963756477563227e-06	2.6977911986296025e-10	0.0	18.0	0.0
-1.4748738806724562	-1.0367751798674918	0.0	K	0	0.22423421586793876	8.686936367594183e-06	-0.14299495244272098	1.5694444444444446	-0.055555555555555566
-1.4698738806724563	-1.031775179867492	0.0	K	0	0.22423421586793876	8.686936367594183e-06	-0.14299495244272098	1.5694444444444446	-0.055555555555555566
-1.4648738806724562	-1.0267751798674918	0.0	K	0	0.22423421586793876	8.686936367594183e-06	-0.14299495244272098	1.5694444444444446	-0.055555555555555566
-1.4598738806724563	-1.021775179867492	0.0	K	0	0.30880406077249317	1.196321094709833e-05	-0.05842510753816652	1.6111111111111112	-0.013888888888888888
-1.4548738806724562	-1.0167751798674918	0.0	K	0	0.30880406077249317	1.196321094709833e-05	-0.05842510753816652	1.6111111111111112	-0.013888888888888888
-1.4498738806724563	-1.0117751798674919	0.0	K	0	0.30880406077249317	1.196321094709833e-05	-0.05842510753816652	1.6111111111111112	-0.013888888888888888
-1.4448738806724561	-1.0067751798674918	0.0	K	0	0.30880406077249317	1.196321094709833e-05	-0.05842510753816652	1.6111111111111112	-0.013888888888888888
-1.4398738806724563	-1.0017751798674919	0.0	K	0	0.30880406077249317	1.196321094709833e-05	-0.05842510753816652	1.6111111111111112	-0.013888888888888888
-1.4348738806724561	-0.9967751798674918	0.0	K	0	0.30880406077249317	1.196321094709833e-05	-0.05842510753816652	1.6111111111111112	-0.013888888888888888
-1.4298738806724562	-0.9917751798674919	0.0	K	0	0.30880406077249317	1.196321094709833e-05	-0.05842510753816652	1.6111111111111112	-0.013888888888888888
-1.4248738806724561	-0.9867751798674917	0.0	K	0	0.30880406077249317	1.196321094709833e-05	-0.05842510753816652	1.6111111111111112	-0.013888888888888888
-1.4198738806724562	-0.9817751798674919	0.0	K	0	0.33509978010910885	1.2981919174712567e-05	-0.03212938820155083	1.6180555555555556	-0.006944444444444444
-1.4148738806724561	-0.9767751798674917	0.0	K	0	0.33509978010910885	1.2981919174712567e-05	-0.03212938820155083	1.6180555555555556	-0.006944444444444444
-1.4098738806724562	-0.9717751798674918	0.0	K	0	0.33509978010910885	1.2981919174712567e-05	-0.03212938820155083	1.6180555555555556	-0.006944444444444444
-1.404873880672456	-0.9667751798674917	0.0	K	0	0.33509978010910885	1.2981919174712567e-05	-0.03212938820155083	1.6180555555555556	-0.006944444444444444
-1.3998738806724562	-0.9617751798674918	0.0	K	0	0.33509978010910885	1.2981919174712567e-05	-0.03212938820155083	1.6180555555555556	-0.006944444444444444
-1.394873880672456	-0.9567751798674917	0.0	K	0	0.33509978010910885	1.2981919174712567e-05	-0.03212938820155083	1.6180555555555556	-0.006944444444444444
-1.3898738806724562	-0.9517751798674918	0.0	K	0	0.33509978010910885	1.2981919174712567e-05	-0.03212938820155083	1.6180555555555556	-0.006944444444444444
-1.384873880672456	-0.9467751798674917	0.0	K	0	0.33509978010910885	1.2981919174712567e-05	-0.03212938820155083	1.6180555555555556	-0.006944444444444444
-1.3798738806724562	-0.9417751798674918	0.0	K	0	0.33509978010910885	1.2981919174712567e-05	-0.03212938820155083	1.6180555555555556	-0.006944444444444444
-1.374873880672456	-0.9367751798674917	0.0	K	0	0.33509978010910885	1.2981919174712567e-05	-0.03212938820155083	1.6180555555555556	-0.006944444444444444
-1.3698738806724562	-0.9317751798674918	0.0	K	0	0.33509978010910885	1.2981919174712567e-05	-0.03212938820155083	1.6180555555555556	-0.006944444444444444
-1.364873880672456	-0.9267751798674917	0.0	K	0	0.33509978010910885	1.2981919174712567e-05	-0.03212938820155083	1.6180555555555556	-0.006944444444444444
-1.3598738806724562	-0.9217751798674918	0.0	K	0	0.33509978010910885	1.2981919174712567e-05	-0.03212938820155083	1.6180555555555556	-0.006944444444444444
-1.354873880672456	-0.9167751798674917	0.0	K	0	0.33509978010910885	1.2981919174712567e-05	-0.03212938820155083	1.6180555555555556	-0.006944444444444444
-1.3498738806724562	-0.9117751798674918	0.0	K	0	0.33509978010910885	1.2981919174712567e-05	-0.03212938820155083	1.6180555555555556	-0.006944444444444444
-1.344873880672456	-0.9067751798674917	0.0	K	0	0.33509978010910885	1.2981919174712567e-05	-0.03212938820155083	1.6180555555555556	-0.006944444444444444
-1.3398738806724562	-0.9017751798674918	0.0	K	0	0.33509978010910885	1.2981919174712567e-05	-0.03212938820155083	1.6180555555555556	-0.006944444444444444
-1.3348738806724563	-0.8967751798674919	0.0	K	0	0.33509978010910885	1.2981919174712567e-05	-0.03212938820155083	1.6180555555555556	-0.006944444444444444
-1.3298738806724562	-0.8917751798674918	0.0	K	0	0.33509978010910885	1.2981919174712567e-05	-0.03212938820155083	1.6180555555555556	-0.006944444444444444
-1.324873880672456	-0.8867751798674917	0.0	K	0	0.33509978010910885	1.2981919174712567e-05	-0.03212938820155083	1.6180555555555556	-0.006944444444444444
-1.3198738806724561	-0.8817751798674918	0.0	K	0	0.33509978010910885	1.2981919174712567e-05	-0.03212938820155083	1.6180555555555556	-0.006944444444444444
-1.3148738806724563	-0.8767751798674919	0.0	K	0	0.33509978010910885	1.2981919174712567e-05	-0.03212938820155083	1.6180555555555556	-0.006944444444444444
-1.3098738806724561	-0.8717751798674918	0.0	K	0	0.33509978010910885	1.2981919174712567e-05	-0.03212938820155083	1.6180555555555556	-0.006944444444444444
-1.304873880672456	-0.8667751798674916	0.0	K	0	0.33509978010910885	1.2981919174712567e-05	-0.03212938820155083	1.6180555555555556	-0.006944444444444444
-1.2998738806724561	-0.8617751798674917	0.0	K	0	0.33509978010910885	1.2981919174712567e-05	-0.03212938820155083	1.6180555555555556	-0.006944444444444444
-1.2948738806724562	-0.8567751798674919	0.0	K	0	0.33509978010910885	1.2981919174712567e-05	-0.03212938820155083	1.6180555555555556	-0.006944444444444444
-1.2898738806724561	-0.8517751798674917	0.0	K	0	0.33509978010910885	1.2981919174712567e-05	-0.03212938820155083	1.6180555555555556	-0.006944444444444444
-1.2848738806724562	-0.8467751798674918	0.0	K	0	0.33509978010910885	1.2981919174712567e-05	-0.03212938820155083	1.6180555555555556	-0.006944444444444444
-1.279873880672456	-0.8417751798674917	0.0	K	0	0.33509978010910885	1.2981919174712567e-05	-0.03212938820155083	1.6180555555555556	-0.006944444444444444
-1.2748738806724562	-0.8367751798674918	0.0	K	0	0.3672291683106597	1.4226626409762642e-05	0.0	1.625	0.0
-1.269873880672456	-0.8317751798674917	0.0	K	0	0.3672291683106597	1.4226626409762642e-05	0.0	1.625	0.0
-1.2648738806724562	-0.8267751798674918	0.0	K	0	0.3672291683106597	1.4226626409762642e-05	0.0	1.625	0.0
-1.259873880672456	-0.8217751798674917	0.0	K	0	0.3672291683106597	1.4226626409762642e-05	0.0	1.625	0.0
-1.2548738806724562	-0.8167751798674918	0.0	K	0	0.3672291683106597	1.4226626409762642e-05	0.0	1.625	0.0
-1.249873880672456	-0.8117751798674917	0.0	K	0	0.3672291683106597	1.4226626409762642e-05	0.0	1.625	0.0
-1.2448738806724562	-0.8067751798674918	0.0	K	0	0.3672291683106597	1.4226626409762642e-05	0.0	1.625	0.0
-1.239873880672456	-0.8017751798674917	0.0	K	0	0.3672291683106597	1.4226626409762642e-05	0.0	1.625	0.0
-1.2348738806724562	-0.7967751798674918	0.0	K	0	0.3672291683106597	1.4226626409762642e-05	0.0	1.625	0.0
-1.229873880672456	-0.7917751798674917	0.0	K	0	0.3672291683106597	1.4226626409762642e-05	0.0	1.625	0.0
-1.2248738806724562	-0.7867751798674918	0.0	K	0	0.3672291683106597	1.4226626409762642e-05	0.0	1.625	0.0
-1.219873880672456	-0.7817751798674917	0.0	K	0	0.3672291683106597	1.4226626409762642e-05	0.0	1.625	0.0
-1.2148738806724562	-0.7767751798674918	0.0	K	0	0.3672291683106597	1.4226626409762642e-05	0.0	1.625	0.0
-1.209873880672456	-0.7717751798674917	0.0	K	0	0.3672291683106597	1.4226626409762642e-05	0.0	1.625	0.0
-1.2048738806724562	-0.7667751798674918	0.0	K	0	0.3672291683106597	1.4226626409762642e-05	0.0	1.625	0.0
-1.199873880672456	-0.7617751798674917	0.0	K	0	0.3672291683106597	1.4226626409762642e-05	0.0	1.625	0.0
-1.1948738806724561	-0.7567751798674918	0.0	K	0	0.3672291683106597	1.4226626409762642e-05	0.0	1.625	0.0
-1.1898738806724563	-0.7517751798674919	0.0	K	0	0.3672291683106597	1.4226626409762642e-05	0.0	1.625	0.0
-1.1848738806724561	-0.7467751798674918	0.0	K	0	0.3672291683106597	1.4226626409762642e-05	0.0	1.625	0.0
-1.179873880672456	-0.7417751798674916	0.0	K	0	0.3672291683106597	1.4226626409762642e-05	0.0	1.625	0.0
-1.1748738806724561	-0.7367751798674917	0.0	K	0	0.3672291683106597	1.4226626409762642e-05	0.0	1.625	0.0
-1.4748738806724562	-1.0367751798674918	0.0	Kprime	0	-0.22423452513915357	-8.68694834890289e-06	0.14299543657929528	1.5694444444444446	-0.055555555555555566
-1.4698738806724563	-1.031775179867492	0.0	Kprime	0	-0.22423452513915357	-8.68694834890289e-06	0.14299543657929528	1.5694444444444446	-0.055555555555555566
-1.4648738806724562	-1.0267751798674918	0.0	Kprime	0	-0.22423452513915357	-8.68694834890289e-06	0.14299543657929528	1.5694444444444446	-0.055555555555555566
-1.4598738806724563	-1.021775179867492	0.0	Kprime	0	-0.3088052415835471	-1.1963256692260137e-05	0.05842472013490176	1.6111111111111112	-0.013888888888888888
-1.4548738806724562	-1.0167751798674918	0.0	Kprime	0	-0.3088052415835471	-1.1963256692260137e-05	0.05842472013490176	1.6111111111111112	-0.013888888888888888
-1.4498738806724563	-1.0117751798674919	0.0	Kprime	0	-0.3088052415835471	-1.1963256692260137e-05	0.05842472013490176	1.6111111111111112	-0.013888888888888888
-1.4448738806724561	-1.0067751798674918	0.0	Kprime	0	-0.3088052415835471	-1.1963256692260137e-05	0.05842472013490176	1.6111111111111112	-0.013888888888888888
-1.4398738806724563	-1.0017751798674919	0.0	Kprime	0	-0.3088052415835471	-1.1963256692260137e-05	0.05842472013490176	1.6111111111111112	-0.013888888888888888
-1.4348738806724561	-0.9967751798674918	0.0	Kprime	0	-0.3088052415835471	-1.1963256692260137e-05	0.05842472013490176	1.6111111111111112	-0.013888888888888888
-1.4298738806724562	-0.9917751798674919	0.0	Kprime	0	-0.3088052415835471	-1.1963256692260137e-05	0.05842472013490176	1.6111111111111112	-0.013888888888888888
-1.4248738806724561	-0.9867751798674917	0.0	Kprime	0	-0.3088052415835471	-1.1963256692260137e-05	0.05842472013490176	1.6111111111111112	-0.013888888888888888
-1.4198738806724562	-0.9817751798674919	0.0	Kprime	0	-0.33510063065430784	-1.2981952125223678e-05	0.03212933106414102	1.6180555555555556	-0.006944444444444444
-1.4148738806724561	-0.9767751798674917	0.0	Kprime	0	-0.33510063065430784	-1.2981952125223678e-05	0.03212933106414102	1.6180555555555556	-0.006944444444444444
-1.4098738806724562	-0.9717751798674918	0.0	Kprime	0	-0.33510063065430784	-1.2981952125223678e-05	0.03212933106414102	1.6180555555555556	-0.006944444444444444
-1.404873880672456	-0.9667751798674917	0.0	Kprime	0	-0.33510063065430784	-1.2981952125223678e-05	0.03212933106414102	1.6180555555555556	-0.006944444444444444
-1.3998738806724562	-0.9617751798674918	0.0	Kprime	0	-0.33510063065430784	-1.2981952125223678e-05	0.03212933106414102	1.6180555555555556	-0.006944444444444444
-1.394873880672456	-0.9567751798674917	0.0	Kprime	0	-0.33510063065430784	-1.2981952125223678e-05	0.03212933106414102	1.6180555555555556	-0.006944444444444444
-1.3898738806724562	-0.9517751798674918	0.0	Kprime	0	-0.33510063065430784	-1.2981952125223678e-05	0.03212933106414102	1.6180555555555556	-0.006944444444444444
-1.384873880672456	-0.9467751798674917	0.0	Kprime	0	-0.33510063065430784	-1.2981952125223678e-05	0.03212933106414102	1.6180555555555556	-0.006944444444444444
-1.3798738806724562	-0.9417751798674918	0.0	Kprime	0	-0.33510063065430784	-1.2981952125223678e-05	0.03212933106414102	1.6180555555555556	-0.006944444444444444
-1.374873880672456	-0.9367751798674917	0.0	Kprime	0	-0.33510063065430784	-1.2981952125223678e-05	0.03212933106414102	1.6180555555555556	-0.006944444444444444
-1.3698738806724562	-0.9317751798674918	0.0	Kprime	0	-0.33510063065430784	-1.2981952125223678e-05	0.03212933106414102	1.6180555555555556	-0.006944444444444444
-1.364873880672456	-0.9267751798674917	0.0	Kprime	0	-0.33510063065430784	-1.2981952125223678e-05	0.03212933106414102	1.6180555555555556	-0.006944444444444444
-1.3598738806724562	-0.9217751798674918	0.0	Kprime	0	-0.33510063065430784	-1.2981952125223678e-05	0.03212933106414102	1.6180555555555556	-0.006944444444444444
-1.354873880672456	-0.9167751798674917	0.0	Kprime	0	-0.33510063065430784	-1.2981952125223678e-05	0.03212933106414102	1.6180555555555556	-0.006944444444444444
-1.3498738806724562	-0.9117751798674918	0.0	Kprime	0	-0.33510063065430784	-1.2981952125223678e-05	0.03212933106414102	1.6180555555555556	-0.006944444444444444
-1.344873880672456	-0.9067751798674917	0.0	Kprime	0	-0.33510063065430784	-1.2981952125223678e-05	0.03212933106414102	1.6180555555555556	-0.006944444444444444
-1.3398738806724562	-0.9017751798674918	0.0	Kprime	0	-0.33510063065430784	-1.2981952125223678e-05	0.03212933106414102	1.6180555555555556	-0.006944444444444444
-1.3348738806724563	-0.8967751798674919	0.0	Kprime	0	-0.33510063065430784	-1.2981952125223678e-05	0.03212933106414102	1.6180555555555556	-0.006944444444444444
-1.3298738806724562	-0.8917751798674918	0.0	Kprime	0	-0.33510063065430784	-1.2981952125223678e-05	0.03212933106414102	1.6180555555555556	-0.006944444444444444
-1.324873880672456	-0.8867751798674917	0.0	Kprime	0	-0.33510063065430784	-1.2981952125223678e-05	0.03212933106414102	1.6180555555555556	-0.006944444444444444
-1.3198738806724561	-0.8817751798674918	0.0	Kprime	0	-0.33510063065430784	-1.2981952125223678e-05	0.03212933106414102	1.6180555555555556	-0.006944444444444444
-1.3148738806724563	-0.8767751798674919	0.0	Kprime	0	-0.33510063065430784	-1.2981952125223678e-05	0.03212933106414103	1.6180555555555556	-0.006944444444444444
-1.3098738806724561	-0.8717751798674918	0.0	Kprime	0	-0.33510063065430784	-1.2981952125223678e-05	0.03212933106414103	1.6180555555555556	-0.006944444444444444
-1.304873880672456	-0.8667751798674916	0.0	Kprime	0	-0.33510063065430784	-1.2981952125223678e-05	0.03212933106414103	1.6180555555555556	-0.006944444444444444
-1.2998738806724561	-0.8617751798674917	0.0	Kprime	0	-0.33510063065430784	-1.2981952125223678e-05	0.03212933106414103	1.6180555555555556	-0.006944444444444444
-1.2948738806724562	-0.8567751798674919	0.0	Kprime	0	-0.33510063065430784	-1.2981952125223678e-05	0.03212933106414103	1.6180555555555556	-0.006944444444444444
-1.2898738806724561	-0.8517751798674917	0.0	Kprime	0	-0.33510063065430784	-1.2981952125223678e-05	0.03212933106414103	1.6180555555555556	-0.006944444444444444
-1.2848738806724562	-0.8467751798674918	0.0	Kprime	0	-0.33510063065430784	-1.2981952125223678e-05	0.03212933106414103	1.6180555555555556	-0.006944444444444444
-1.279873880672456	-0.8417751798674917	0.0	Kprime	0	-0.33510063065430784	-1.2981952125223678e-05	0.03212933106414103	1.6180555555555556	-0.006944444444444444
-1.2748738806724562	-0.8367751798674918	0.0	Kprime	0	-0.3672299617184489	-1.4226657146744292e-05	0.0	1.625	0.0
-1.269873880672456	-0.8317751798674917	0.0	Kprime	0	-0.3672299617184489	-1.4226657146744292e-05	0.0	1.625	0.0
-1.2648738806724562	-0.8267751798674918	0.0	Kprime	0	-0.3672299617184489	-1.4226657146744292e-05	0.0	1.625	0.0
-1.259873880672456	-0.8217751798674917	0.0	Kprime	0	-0.3672299617184489	-1.4226657146744292e-05	0.0	1.625	0.0
-1.2548738806724562	-0.8167751798674918	0.0	Kprime	0	-0.3672299617184489	-1.4226657146744292e-05	0.0	1.625	0.0
-1.249873880672456	-0.8117751798674917	0.0	Kprime	0	-0.3672299617184489	-1.4226657146744292e-05	0.0	1.625	0.0
-1.2448738806724562	-0.8067751798674918	0.0	Kprime	0	-0.3672299617184489	-1.4226657146744292e-05	0.0	1.625	0.0
-1.239873880672456	-0.8017751798674917	0.0	Kprime	0	-0.3672299617184489	-1.4226657146744292e-05	0.0	1.625	0.0
-1.2348738806724562	-0.7967751798674918	0.0	Kprime	0	-0.3672299617184489	-1.4226657146744292e-05	0.0	1.625	0.0
-1.229873880672456	-0.7917751798674917	0.0	Kprime	0	-0.3672299617184489	-1.4226657146744292e-05	0.0	1.625	0.0
-1.2248738806724562	-0.7867751798674918	0.0	Kprime	0	-0.3672299617184489	-1.4226657146744292e-05	0.0	1.625	0.0
-1.219873880672456	-0.7817751798674917	0.0	Kprime	0	-0.3672299617184489	-1.4226657146744292e-05	0.0	1.625	0.0
-1.2148738806724562	-0.7767751798674918	0.0	Kprime	0	-0.3672299617184489	-1.4226657146744292e-05	0.0	1.625	0.0
-1.209873880672456	-0.7717751798674917	0.0	Kprime	0	-0.3672299617184489	-1.4226657146744292e-05	0.0	1.625	0.0
-1.2048738806724562	-0.7667751798674918	0.0	Kprime	0	-0.3672299617184489	-1.4226657146744292e-05	0.0	1.625	0.0
-1.199873880672456	-0.7617751798674917	0.0	Kprime	0	-0.3672299617184489	-1.4226657146744292e-05	0.0	1.625	0.0
-1.1948738806724561	-0.7567751798674918	0.0	Kprime	0	-0.3672299617184489	-1.4226657146744292e-05	0.0	1.625	0.0
-1.1898738806724563	-0.7517751798674919	0.0	Kprime	0	-0.3672299617184489	-1.4226657146744292e-05	0.0	1.625	0.0
-1.1848738806724561	-0.7467751798674918	0.0	Kprime	0	-0.3672299617184489	-1.4226657146744292e-05	0.0	1.625	0.0
-1.179873880672456	-0.7417751798674916	0.0	Kprime	0	-0.3672299617184489	-1.4226657146744292e-05	0.0	1.625	0.0
-1.1748738806724561	-0.7367751798674917	0.0	Kprime	0	-0.3672299617184489	-1.4226657146744292e-05	0.0	1.625	0.0
-1.4748738806724562	-1.0367751798674918	0.0	rest	0	7.75716426667585e-06	3.0051610150912486e-10	0.0	14.75	0.0
-1.4698738806724563	-1.031775179867492	0.0	rest	0	7.75716426667585e-06	3.0051610150912486e-10	0.0	14.75	0.0
-1.4648738806724562	-1.0267751798674918	0.0	rest	0	7.75716426667585e-06	3.0051610150912486e-10	0.0	14.75	0.0
-1.4598738806724563	-1.021775179867492	0.0	rest	0	7.75716426667585e-06	3.0051610150912486e-10	0.0	14.75	0.0
-1.4548738806724562	-1.0167751798674918	0.0	rest	0	7.75716426667585e-06	3.0051610150912486e-10	0.0	14.75	0.0
-1.4498738806724563	-1.0117751798674919	0.0	rest	0	7.75716426667585e-06	3.0051610150912486e-10	0.0	14.75	0.0
-1.4448738806724561	-1.0067751798674918	0.0	rest	0	7.75716426667585e-06	3.0051610150912486e-10	0.0	14.75	0.0
-1.4398738806724563	-1.0017751798674919	0.0	rest	0	7.75716426667585e-06	3.0051610150912486e-10	0.0	14.75	0.0
-1.4348738806724561	-0.9967751798674918	0.0	rest	0	7.75716426667585e-06	3.0051610150912486e-10	0.0	14.75	0.0
-1.4298738806724562	-0.9917751798674919	0.0	rest	0	7.75716426667585e-06	3.0051610150912486e-10	0.0	14.75	0.0
-1.4248738806724561	-0.9867751798674917	0.0	rest	0	7.75716426667585e-06	3.0051610150912486e-10	0.0	14.75	0.0
-1.4198738806724562	-0.9817751798674919	0.0	rest	0	7.75716426667585e-06	3.0051610150912486e-10	0.0	14.75	0.0
-1.4148738806724561	-0.9767751798674917	0.0	rest	0	7.75716426667585e-06	3.0051610150912486e-10	0.0	14.75	0.0
-1.4098738806724562	-0.9717751798674918	0.0	rest	0	7.75716426667585e-06	3.0051610150912486e-10	0.0	14.75	0.0
-1.404873880672456	-0.9667751798674917	0.0	rest	0	7.75716426667585e-06	3.0051610150912486e-10	0.0	14.75	0.0
-1.3998738806724562	-0.9617751798674918	0.0	rest	0	7.75716426667585e-06	3.0051610150912486e-10	0.0	14.75	0.0
-1.394873880672456	-0.9567751798674917	0.0	rest	0	7.75716426667585e-06	3.0051610150912486e-10	0.0	14.75	0.0
-1.3898738806724562	-0.9517751798674918	0.0	rest	0	7.75716426667585e-06	3.0051610150912486e-10	0.0	14.75	0.0
-1.384873880672456	-0.9467751798674917	0.0	rest	0	7.75716426667585e-06	3.0051610150912486e-10	0.0	14.75	0.0
-1.3798738806724562	-0.9417751798674918	0.0	rest	0	7.75716426667585e-06	3.0051610150912486e-10	0.0	14.75	0.0
-1.374873880672456	-0.9367751798674917	0.0	rest	0	7.75716426667585e-06	3.0051610150912486e-10	0.0	14.75	0.0
-1.3698738806724562	-0.9317751798674918	0.0	rest	0	7.75716426667585e-06	3.0051610150912486e-10	0.0	14.75	0.0
-1.364873880672456	-0.9267751798674917	0.0	rest	0	7.75716426667585e-06	3.0051610150912486e-10	0.0	14.75	0.0
-1.3598738806724562	-0.9217751798674918	0.0	rest	0	7.75716426667585e-06	3.0051610150912486e-10	0.0	14.75	0.0
-1.354873880672456	-0.9167751798674917	0.0	rest	0	7.75716426667585e-06	3.0051610150912486e-10	0.0	14.75	0.0
-1.3498738806724562	-0.9117751798674918	0.0	rest	0	7.75716426667585e-06	3.0051610150912486e-10	0.0	14.75	0.0
-1.344873880672456	-0.9067751798674917	0.0	rest	0	7.75716426667585e-06	3.0051610150912486e-10	0.0	14.75	0.0
-1.3398738806724562	-0.9017751798674918	0.0	rest	0	7.75716426667585e-06	3.0051610150912486e-10	0.0	14.75	0.0
-1.3348738806724563	-0.8967751798674919	0.0	rest	0	7.75716426667585e-06	3.0051610150912486e-10	0.0	14.75	0.0
-1.3298738806724562	-0.8917751798674918	0.0	rest	0	7.75716426667585e-06	3.0051610150912486e-10	0.0	14.75	0.0
-1.324873880672456	-0.8867751798674917	0.0	rest	0	7.75716426667585e-06	3.0051610150912486e-10	0.0	14.75	0.0
-1.3198738806724561	-0.8817751798674918	0.0	rest	0	7.75716426667585e-06	3.0051610150912486e-10	0.0	14.75	0.0
-1.3148738806724563	-0.8767751798674919	0.0	rest	0	7.757164266670196e-06	3.005161015089058e-10	0.0	14.75	0.0
-1.3098738806724561	-0.8717751798674918	0.0	rest	0	7.757164266670196e-06	3.005161015089058e-10	0.0	14.75	0.0
-1.304873880672456	-0.8667751798674916	0.0	rest	0	7.757164266670196e-06	3.005161015089058e-10	0.0	14.75	0.0
-1.2998738806724561	-0.8617751798674917	0.0	rest	0	7.757164266670196e-06	3.005161015089058e-10	0.0	14.75	0.0
-1.2948738806724562	-0.8567751798674919	0.0	rest	0	7.757164266670196e-06	3.005161015089058e-10	0.0	14.75	0.0
-1.2898738806724561	-0.8517751798674917	0.0	rest	0	7.757164266670196e-06	3.005161015089058e-10	0.0	14.75	0.0
-1.2848738806724562	-0.8467751798674918	0.0	rest	0	7.757164266670196e-06	3.005161015089058e-10	0.0	14.75	0.0
-1.279873880672456	-0.8417751798674917	0.0	rest	0	7.757164266670196e-06	3.005161015089058e-10	0.0	14.75	0.0
-1.2748738806724562	-0.8367751798674918	0.0	rest	0	7.757164266670196e-06	3.005161015089058e-10	0.0	14.75	0.0
-1.269873880672456	-0.8317751798674917	0.0	rest	0	7.757164266670196e-06	3.005161015089058e-10	0.0	14.75	0.0
-1.2648738806724562	-0.8267751798674918	0.0	rest	0	7.757164266670196e-06	3.005161015089058e-10	0.0	14.75	0.0
-1.259873880672456	-0.8217751798674917	0.0	rest	0	7.757164266670196e-06	3.005161015089058e-10	0.0	14.75	0.0
-1.2548738806724562	-0.8167751798674918	0.0	rest	0	7.757164266670196e-06	3.005161015089058e-10	0.0	14.75	0.0
-1.249873880672456	-0.8117751798674917	0.0	rest	0	7.757164266670196e-06	3.005161015089058e-10	0.0	14.75	0.0
-1.2448738806724562	-0.8067751798674918	0.0	rest	0	7.757164266670196e-06	3.005161015089058e-10	0.0	14.75	0.0
-1.239873880672456	-0.8017751798674917	0.0	rest	0	7.757164266670196e-06	3.005161015089058e-10	0.0	14.75	0.0
-1.2348738806724562	-0.7967751798674918	0.0	rest	0	7.757164266670196e-06	3.005161015089058e-10	0.0	14.75	0.0
-1.229873880672456	-0.7917751798674917	0.0	rest	0	7.757164266670196e-06	3.005161015089058e-10	0.0	14.75	0.0
-1.2248738806724562	-0.7867751798674918	0.0	rest	0	7.757164266670196e-06	3.005161015089058e-10	0.0	14.75	0.0
-1.219873880672456	-0.7817751798674917	0.0	rest	0	7.757164266670196e-06	3.005161015089058e-10	0.0	14.75	0.0
-1.2148738806724562	-0.7767751798674918	0.0	rest	0	7.757164266670196e-06	3.005161015089058e-10	0.0	14.75	0.0
-1.209873880672456	-0.7717751798674917	0.0	rest	0	7.757164266670196e-06	3.005161015089058e-10	0.0	14.75	0.0
-1.2048738806724562	-0.7667751798674918	0.0	rest	0	7.757164266670196e-06	3.005161015089058e-10	0.0	14.75	0.0
-1.199873880672456	-0.7617751798674917	0.0	rest	0	7.757164266670196e-06	3.005161015089058e-10	0.0	14.75	0.0
-1.1948738806724561	-0.7567751798674918	0.0	rest	0	7.757164266670196e-06	3.005161015089058e-10	0.0	14.75	0.0
-1.1898738806724563	-0.7517751798674919	0.0	rest	0	7.757164266670196e-06	3.005161015089058e-10	0.0	14.75	0.0
-1.1848738806724561	-0.7467751798674918	0.0	rest	0	7.757164266670196e-06	3.005161015089058e-10	0.0	14.75	0.0
-1.179873880672456	-0.7417751798674916	0.0	rest	0	7.757164266670196e-06	3.005161015089058e-10	0.0	14.75	0.0
-1.1748738806724561	-0.7367751798674917	0.0	rest	0	7.757164266670196e-06	3.005161015089058e-10	0.0	14.75	0.0
-1.4748738806724562	-1.0367751798674918	0.0	valley	0	0.4484687410070923	1.7373884716497072e-05	-0.28599038902201623	0.0	3.469446951953614e-18
-1.4698738806724563	-1.031775179867492	0.0	valley	0	0.4484687410070923	1.7373884716497072e-05	-0.28599038902201623	0.0	3.469446951953614e-18
-1.4648738806724562	-1.0267751798674918	0.0	valley	0	0.4484687410070923	1.7373884716497072e-05	-0.28599038902201623	0.0	3.469446951953614e-18
-1.4598738806724563	-1.021775179867492	0.0	valley	0	0.6176093023560404	2.392646763935847e-05	-0.11684982767306828	0.0	0.0
-1.4548738806724562	-1.0167751798674918	0.0	valley	0	0.6176093023560404	2.392646763935847e-05	-0.11684982767306828	0.0	0.0
-1.4498738806724563	-1.0117751798674919	0.0	valley	0	0.6176093023560404	2.392646763935847e-05	-0.11684982767306828	0.0	0.0
-1.4448738806724561	-1.0067751798674918	0.0	valley	0	0.6176093023560404	2.392646763935847e-05	-0.11684982767306828	0.0	0.0
-1.4398738806724563	-1.0017751798674919	0.0	valley	0	0.6176093023560404	2.392646763935847e-05	-0.11684982767306828	0.0	0.0
-1.4348738806724561	-0.9967751798674918	0.0	valley	0	0.6176093023560404	2.392646763935847e-05	-0.11684982767306828	0.0	0.0
-1.4298738806724562	-0.9917751798674919	0.0	valley	0	0.6176093023560404	2.392646763935847e-05	-0.11684982767306828	0.0	0.0
-1.4248738806724561	-0.9867751798674917	0.0	valley	0	0.6176093023560404	2.392646763935847e-05	-0.11684982767306828	0.0	0.0
-1.4198738806724562	-0.9817751798674919	0.0	valley	0	0.6702004107634169	2.596387129993625e-05	-0.06425871926569185	0.0	0.0
-1.4148738806724561	-0.9767751798674917	0.0	valley	0	0.6702004107634169	2.596387129993625e-05	-0.06425871926569185	0.0	0.0
-1.4098738806724562	-0.9717751798674918	0.0	valley	0	0.6702004107634169	2.596387129993625e-05	-0.06425871926569185	0.0	0.0
-1.404873880672456	-0.9667751798674917	0.0	valley	0	0.6702004107634169	2.596387129993625e-05	-0.06425871926569185	0.0	0.0
-1.3998738806724562	-0.9617751798674918	0.0	valley	0	0.6702004107634169	2.596387129993625e-05	-0.06425871926569185	0.0	0.0
-1.394873880672456	-0.9567751798674917	0.0	valley	0	0.6702004107634169	2.596387129993625e-05	-0.06425871926569185	0.0	0.0
-1.3898738806724562	-0.9517751798674918	0.0	valley	0	0.6702004107634169	2.596387129993625e-05	-0.06425871926569185	0.0	0.0
-1.384873880672456	-0.9467751798674917	0.0	valley	0	0.6702004107634169	2.596387129993625e-05	-0.06425871926569185	0.0	0.0
-1.3798738806724562	-0.9417751798674918	0.0	valley	0	0.6702004107634169	2.596387129993625e-05	-0.06425871926569185	0.0	0.0
-1.374873880672456	-0.9367751798674917	0.0	valley	0	0.6702004107634169	2.596387129993625e-05	-0.06425871926569185	0.0	0.0
-1.3698738806724562	-0.9317751798674918	0.0	valley	0	0.6702004107634169	2.596387129993625e-05	-0.06425871926569185	0.0	0.0
-1.364873880672456	-0.9267751798674917	0.0	valley	0	0.6702004107634169	2.596387129993625e-05	-0.06425871926569185	0.0	0.0
-1.3598738806724562	-0.9217751798674918	0.0	valley	0	0.6702004107634169	2.596387129993625e-05	-0.06425871926569185	0.0	0.0
-1.354873880672456	-0.9167751798674917	0.0	valley	0	0.6702004107634169	2.596387129993625e-05	-0.06425871926569185	0.0	0.0
-1.3498738806724562	-0.9117751798674918	0.0	valley	0	0.6702004107634169	2.596387129993625e-05	-0.06425871926569185	0.0	0.0
-1.344873880672456	-0.9067751798674917	0.0	valley	0	0.6702004107634169	2.596387129993625e-05	-0.06425871926569185	0.0	0.0
-1.3398738806724562	-0.9017751798674918	0.0	valley	0	0.6702004107634169	2.596387129993625e-05	-0.06425871926569185	0.0	0.0
-1.3348738806724563	-0.8967751798674919	0.0	valley	0	0.6702004107634169	2.596387129993625e-05	-0.06425871926569185	0.0	0.0
-1.3298738806724562	-0.8917751798674918	0.0	valley	0	0.6702004107634169	2.596387129993625e-05	-0.06425871926569185	0.0	0.0
-1.324873880672456	-0.8867751798674917	0.0	valley	0	0.6702004107634169	2.596387129993625e-05	-0.06425871926569185	0.0	0.0
-1.3198738806724561	-0.8817751798674918	0.0	valley	0	0.6702004107634169	2.596387129993625e-05	-0.06425871926569185	0.0	0.0
-1.3148738806724563	-0.8767751798674919	0.0	valley	0	0.6702004107634167	2.5963871299936248e-05	-0.06425871926569186	0.0	0.0
-1.3098738806724561	-0.8717751798674918	0.0	valley	0	0.6702004107634167	2.5963871299936248e-05	-0.06425871926569186	0.0	0.0
-1.304873880672456	-0.8667751798674916	0.0	valley	0	0.6702004107634167	2.5963871299936248e-05	-0.06425871926569186	0.0	0.0
-1.2998738806724561	-0.8617751798674917	0.0	valley	0	0.6702004107634167	2.5963871299936248e-05	-0.06425871926569186	0.0	0.0
-1.2948738806724562	-0.8567751798674919	0.0	valley	0	0.6702004107634167	2.5963871299936248e-05	-0.06425871926569186	0.0	0.0
-1.2898738806724561	-0.8517751798674917	0.0	valley	0	0.6702004107634167	2.5963871299936248e-05	-0.06425871926569186	0.0	0.0
-1.2848738806724562	-0.8467751798674918	0.0	valley	0	0.6702004107634167	2.5963871299936248e-05	-0.06425871926569186	0.0	0.0
-1.279873880672456	-0.8417751798674917	0.0	valley	0	0.6702004107634167	2.5963871299936248e-05	-0.06425871926569186	0.0	0.0
-1.2748738806724562	-0.8367751798674918	0.0	valley	0	0.7344591300291086	2.8453283556506932e-05	0.0	0.0	0.0
-1.269873880672456	-0.8317751798674917	0.0	valley	0	0.7344591300291086	2.8453283556506932e-05	0.0	0.0	0.0
-1.2648738806724562	-0.8267751798674918	0.0	valley	0	0.7344591300291086	2.8453283556506932e-05	0.0	0.0	0.0
-1.259873880672456	-0.8217751798674917	0.0	valley	0	0.7344591300291086	2.8453283556506932e-05	0.0	0.0	0.0
-1.2548738806724562	-0.8167751798674918	0.0	valley	0	0.7344591300291086	2.8453283556506932e-05	0.0	0.0	0.0
-1.249873880672456	-0.8117751798674917	0.0	valley	0	0.7344591300291086	2.8453283556506932e-05	0.0	0.0	0.0
-1.2448738806724562	-0.8067751798674918	0.0	valley	0	0.7344591300291086	2.8453283556506932e-05	0.0	0.0	0.0
-1.239873880672456	-0.8017751798674917	0.0	valley	0	0.7344591300291086	2.8453283556506932e-05	0.0	0.0	0.0
-1.2348738806724562	-0.7967751798674918	0.0	valley	0	0.7344591300291086	2.8453283556506932e-05	0.0	0.0	0.0
-1.229873880672456	-0.7917751798674917	0.0	valley	0	0.7344591300291086	2.8453283556506932e-05	0.0	0.0	0.0
-1.2248738806724562	-0.7867751798674918	0.0	valley	0	0.7344591300291086	2.8453283556506932e-05	0.0	0.0	0.0
-1.219873880672456	-0.7817751798674917	0.0	valley	0	0.7344591300291086	2.8453283556506932e-05	0.0	0.0	0.0
-1.2148738806724562	-0.7767751798674918	0.0	valley	0	0.7344591300291086	2.8453283556506932e-05	0.0	0.0	0.0
-1.209873880672456	-0.7717751798674917	0.0	valley	0	0.7344591300291086	2.8453283556506932e-05	0.0	0.0	0.0
-1.2048738806724562	-0.7667751798674918	0.0	valley	0	0.7344591300291086	2.8453283556506932e-05	0.0	0.0	0.0
-1.199873880672456	-0.7617751798674917	0.0	valley	0	0.7344591300291086	2.8453283556506932e-05	0.0	0.0	0.0
-1.1948738806724561	-0.7567751798674918	0.0	valley	0	0.7344591300291086	2.8453283556506932e-05	0.0	0.0	0.0
-1.1898738806724563	-0.7517751798674919	0.0	valley	0	0.7344591300291086	2.8453283556506932e-05	0.0	0.0	0.0
-1.1848738806724561	-0.7467751798674918	0.0	valley	0	0.7344591300291086	2.8453283556506932e-05	0.0	0.0	0.0
-1.179873880672456	-0.7417751798674916	0.0	valley	0	0.7344591300291086	2.8453283556506932e-05	0.0	0.0	0.0
-1.1748738806724561	-0.7367751798674917	0.0	valley	0	0.7344591300291086	2.8453283556506932e-05	0.0	0.0	0.0
-1.4748738806724562	-1.0367751798674918	300.0	total	0	7.371387134874159e-06	2.8557091848670884e-10	4.076306572676172e-07	17.91792876161502	-0.08207123838498373
-1.4698738806724563	-1.031775179867492	300.0	total	0	7.300896023937617e-06	2.8284006051832723e-10	3.371395462142315e-07	17.922886624207056	-0.07711337579293165
-1.4648738806724562	-1.0267751798674918	300.0	total	0	7.236144565953435e-06	2.80331559337808e-10	2.7238808844160626e-07	17.92786512883141	-0.07213487116858944
-1.4598738806724563	-1.021775179867492	300.0	total	0	7.177178482589176e-06	2.780471862235226e-10	2.13422004773812e-07	17.9328158670061	-0.06718413299389778
-1.4548738806724562	-1.0167751798674918	300.0	total	0	7.124112570254215e-06	2.7599138844102173e-10	1.6035609276270836e-07	17.937683889821955	-0.06231611017805113
-1.4498738806724563	-1.0117751798674919	300.0	total	0	7.0770670496511225e-06	2.7416882339546197e-10	1.1331057203763125e-07	17.942413079798143	-0.05758692020185869
-1.4448738806724561	-1.0067751798674918	300.0	total	0	7.036105162786129e-06	2.7258194111117065e-10	7.23486851440138e-08	17.946951072628135	-0.0530489273718697
-1.4398738806724563	-1.0017751798674919	300.0	total	0	7.001182708745048e-06	2.712290292244594e-10	3.7426231126928765e-08	17.95125307716759	-0.0487469228324195
-1.4348738806724561	-0.9967751798674918	300.0	total	0	6.972116922813737e-06	2.7010300734647754e-10	8.360445502730225e-09	17.955284237480377	-0.04471576251961903
-1.4298738806724562	-0.9917751798674919	300.0	total	0	6.9485778363277614e-06	2.691910923398249e-10	-1.5178641280850332e-08	17.959020524184343	-0.04097947581565435
-1.4248738806724561	-0.9867751798674917	300.0	total	0	6.930101011777939e-06	2.6847529168238176e-10	-3.3655466223521806e-08	17.96244842077505	-0.03755157922496278
-1.4198738806724562	-0.9817751798674919	300.0	total	0	6.91611719750513e-06	2.679335523037863e-10	-4.7639280330282304e-08	17.965563813835622	-0.03443618616437883
-1.4148738806724561	-0.9767751798674917	300.0	total	0	6.905992383284693e-06	2.675413123571474e-10	-5.7764094202095355e-08	17.968370496943376	-0.031629503056621336
-1.4098738806724562	-0.9717751798674918	300.0	total	0	6.899071127385663e-06	2.672731797291897e-10	-6.468535040027067e-08	17.97087860065868	-0.02912139934131746
-1.404873880672456	-0.9667751798674917	300.0	total	0	6.894716731756791e-06	2.671044884453866e-10	-6.903974580428551e-08	17.973103129340956	-0.026896870659046366
-1.3998738806724562	-0.9617751798674918	300.0	total	0	6.892343542390644e-06	2.6701255000088036e-10	-7.141293537189951e-08	17.97506267313868	-0.024937326861329896
-1.394873880672456	-0.9567751798674917	300.0	total	0	6.891438831452314e-06	2.669775010841844e-10	-7.231764633215967e-08	17.976778296368828	-0.023221703631174345
-1.3898738806724562	-0.9517751798674918	300.0	total	0	6.891573925373005e-06	2.669827346846327e-10	-7.21825521298613e-08	17.978272580503276	-0.02172741949672717
-1.384873880672456	-0.9467751798674917	300.0	total	0	6.892405931721616e-06	2.6701496699217706e-10	-7.135054603765203e-08	17.979568804307934	-0.020431195692069953
-1.3798738806724562	-0.9417751798674918	300.0	total	0	6.893672419289361e-06	2.6706403130142515e-10	-7.008405844921653e-08	17.980690256321857	-0.019309743678151674
-1.374873880672456	-0.9367751798674917	300.0	total	0	6.895181702663016e-06	2.6712250163155237e-10	-6.857477463556567e-08	17.981659683239627	-0.018340316760385264
-1.3698738806724562	-0.9317751798674918	300.0	total	0	6.8968011053685956e-06	2.6718523803510445e-10	-6.695537244434572e-08	17.982498877738166	-0.01750112226183278
-1.364873880672456	-0.9267751798674917	300.0	total	0	6.898445020811975e-06	2.6724892407336167e-10	-6.531145654314388e-08	17.983228402671497	-0.016771597328526452
-1.3598738806724562	-0.9217751798674918	300.0	total	0	6.900063973206681e-06	2.67311643031664e-10	-6.369250429403852e-08	17.98386743934053	-0.016132560659475832
-1.354873880672456	-0.9167751798674917	300.0	total	0	6.901635270234658e-06	2.673725157992021e-10	-6.212120765354687e-08	17.984433739178368	-0.015566260821636386
-1.3498738806724562	-0.9117751798674918	300.0	total	0	6.9031554534744e-06	2.6743140839514073e-10	-6.060102426411323e-08	17.98494365246453	-0.015056347535469541
-1.344873880672456	-0.9067751798674917	300.0	total	0	6.904634445536743e-06	2.6748870522597457e-10	-5.9122031955647484e-08	17.985412204868656	-0.014587795131340014
-1.3398738806724562	-0.9017751798674918	300.0	total	0	6.9060911399594384e-06	2.675451382360217e-10	-5.766533747029439e-08	17.985853192125578	-0.014146807874433032
-1.3348738806724563	-0.8967751798674919	300.0	total	0	6.907550124520913e-06	2.676016599670955e-10	-5.620635320189287e-08	17.98627926419972	-0.013720735800282846
-1.3298738806724562	-0.8917751798674918	300.0	total	0	6.909039211663139e-06	2.6765934788595417e-10	-5.471726619514163e-08	17.986701972462726	-0.013298027537281086
-1.324873880672456	-0.8867751798674917	300.0	total	0	6.910587480422554e-06	2.6771932852780633e-10	-5.316899729774956e-08	17.987131756816755	-0.012868243183252517
-1.3198738806724561	-0.8817751798674918	300.0	total	0	6.912223572829488e-06	2.677827114980436e-10	-5.153290479115916e-08	17.98757785510052	-0.012422144899471042
-1.3148738806724563	-0.8767751798674919	300.0	total	0	6.9139740485861715e-06	2.67850525731712e-10	-4.978242913798751e-08	17.98804812570687	-0.011951874293125829
-1.3098738806724561	-0.8717751798674918	300.0	total	0	6.915861673307104e-06	2.6792365317915874e-10	-4.789480423978542e-08	17.988548787323353	-0.011451212676644501
-1.304873880672456	-0.8667751798674916	300.0	total	0	6.91790360506053e-06	2.680027585518171e-10	-4.585287252130464e-08	17.989084097547337	-0.01091590245266114
-1.2998738806724561	-0.8617751798674917	300.0	total	0	6.920109539404179e-06	2.680882174600403e-10	-4.364693823166112e-08	17.98965601357576	-0.010343986424232223
-1.2948738806724562	-0.8567751798674919	300.0	total	0	6.922479995584138e-06	2.6818005001966003e-10	-4.1276482092617607e-08	17.99026389937371	-0.00973610062630094
-1.2898738806724561	-0.8517751798674917	300.0	total	0	6.925005012685012e-06	2.682778703402453e-10	-3.8751465002607644e-08	17.990904358054053	-0.009095641945938152
-1.2848738806724562	-0.8467751798674918	300.0	total	0	6.927663579597702e-06	2.6838086444179276e-10	-3.6092898210983795e-08	17.9915712675783	-0.008428732421714292
-1.279873880672456	-0.8417751798674917	300.0	total	0	6.930424088735603e-06	2.684878078319007e-10	-3.333238904834502e-08	17.99225607594818	-0.007743924051795699
-1.2748738806724562	-0.8367751798674918	300.0	total	0	6.933245976677449e-06	2.685971290650248e-10	-3.051050089945857e-08	17.992948368311072	-0.007051631688931121
-1.269873880672456	-0.8317751798674917	300.0	total	0	6.936082493472175e-06	2.6870701702661896e-10	-2.7673984079716466e-08	17.99363666116042	-0.006363338839579812
-1.2648738806724562	-0.8267751798674918	300.0	total	0	6.938884292953575e-06	2.6881556002357183e-10	-2.4872184786357885e-08	17.994309324298975	-0.005690675701025766
-1.259873880672456	-0.8217751798674917	300.0	total	0	6.941603337069013e-06	2.689208970396916e-10	-2.215314070982017e-08	17.994955497798447	-0.005044502201560498
-1.2548738806724562	-0.8167751798674918	300.0	total	0	6.944196522868738e-06	2.690213582469359e-10	-1.955995475821754e-08	17.995565871075566	-0.004434128924434924
-1.249873880672456	-0.8117751798674917	300.0	total	0	6.946628511095539e-06	2.691155745862719e-10	-1.712796650167797e-08	17.996133224409025	-0.003866775590974561
-1.2448738806724562	-0.8067751798674918	300.0	total	0	6.948873431809045e-06	2.6920254384434444e-10	-1.48830457258394e-08	17.996652687529526	-0.0033473124704700872
-1.239873880672456	-0.8017751798674917	300.0	total	0	6.950915394483988e-06	2.6928165041491657e-10	-1.2841083204366054e-08	17.997121726978637	-0.002878273021363793
-1.2348738806724562	-0.7967751798674918	300.0	total	0	6.952747949011432e-06	2.693526444178096e-10	-1.1008528338245116e-08	17.997539917559443	-0.0024600824405672304
-1.229873880672456	-0.7917751798674917	300.0	total	0	6.954372795610298e-06	2.6941559172028446e-10	-9.383681793692572e-09	17.99790857510778	-0.0020914248922324166
-1.2248738806724562	-0.7867751798674918	300.0	total	0	6.955798073276393e-06	2.694708076307716e-10	-7.958404121794188e-09	17.998230328534003	-0.0017696714659954575
-1.219873880672456	-0.7817751798674917	300.0	total	0	6.957036542515221e-06	2.695187864971069e-10	-6.7199349190622414e-09	17.998508695048624	-0.0014913049513666265
-1.2148738806724562	-0.7767751798674918	300.0	total	0	6.958103882541595e-06	2.695601357392634e-10	-5.65259491801458e-09	17.998747701845804	-0.0012522981542043155
-1.209873880672456	-0.7717751798674917	300.0	total	0	6.959017243454149e-06	2.6959551975992807e-10	-4.73923409181425e-09	17.99895157700291	-0.0010484229970973559
-1.2048738806724562	-0.7667751798674918	300.0	total	0	6.95979410926324e-06	2.6962561589768125e-10	-3.962368044508163e-09	17.99912451592448	-0.0008754840755367615
-1.199873880672456	-0.7617751798674917	300.0	total	0	6.96045147458804e-06	2.696510825318642e-10	-3.3050028832760216e-09	17.999270518663852	-0.0007294813361540273
-1.1948738806724561	-0.7567751798674918	300.0	total	0	6.961005294117898e-06	2.696725377544598e-10	-2.751183437503069e-09	17.999393287498446	-0.0006067125015656303
-1.1898738806724563	-0.7517751798674919	300.0	total	0	6.961470161580922e-06	2.696905469331885e-10	-2.286315806382176e-09	17.999496171993265	-0.0005038280067534319
-1.1848738806724561	-0.7467751798674918	300.0	total	0	6.961859159398815e-06	2.697056168870673e-10	-1.8973184825324983e-09	17.999582149103162	-0.0004178508968460973
-1.179873880672456	-0.7417751798674916	300.0	total	0	6.962183826768368e-06	2.697181946498722e-10	-1.5726506685262541e-09	17.99965382748751	-0.00034617251249603677
-1.1748738806724561	-0.7367751798674917	300.0	total	0	6.962454218409288e-06	2.6972866974605636e-10	-1.3022592398388883e-09	17.999713467330814	-0.00028653266918180815
-1.4748738806724562	-1.0367751798674918	300.0	K	0	0.2584370509687706	1.001196988650741e-05	-0.10879211734188843	1.5853888453403808	-0.03961115465961918
-1.4698738806724563	-1.031775179867492	300.0	K	0	0.263162980281207	1.0195054555615452e-05	-0.104066188029452	1.5876268120343084	-0.03737318796569178
-1.4648738806724562	-1.0267751798674918	300.0	K	0	0.26804222236071057	1.0384078631636474e-05	-0.09918694594994844	1.589914559413117	-0.03508544058688273
-1.4598738806724563	-1.021775179867492	300.0	K	0	0.2730139254548362	1.0576684689771136e-05	-0.09421524285582279	1.5922218189532218	-0.03277818104677838
-1.4548738806724562	-1.0167751798674918	300.0	K	0	0.2780116528121142	1.077029893979633e-05	-0.0892175154985448	1.5945158627274565	-0.030484137272543257
-1.4498738806724563	-1.0117751798674919	300.0	K	0	0.28296825706532586	1.0962320061908911e-05	-0.08426091124533314	1.5967641184965438	-0.02823588150345625
-1.4448738806724561	-1.0067751798674918	300.0	K	0	0.2878203091205646	1.1150290783919228e-05	-0.07940885919009448	1.5989365533084687	-0.026063446691531284
-1.4398738806724563	-1.0017751798674919	300.0	K	0	0.2925114938311968	1.1332029431217787e-05	-0.07471767447946227	1.6010075053578736	-0.02399249464212653
-1.4348738806724561	-0.9967751798674918	300.0	K	0	0.2969946883899216	1.1505710444636915e-05	-0.07023447992073738	1.6029567897964534	-0.022043210203546708
-1.4298738806724562	-0.9917751798674919	300.0	K	0	0.30123277679989635	1.1669895933435696e-05	-0.06599639151076263	1.604770074459724	-0.02022992554027604
-1.4248738806724561	-0.9867751798674917	300.0	K	0	0.3051985064136182	1.1823530117550463e-05	-0.06203066189704081	1.606438659609068	-0.01856134039093168
-1.4198738806724562	-0.9817751798674919	300.0	K	0	0.3088737916121398	1.1965912351808241e-05	-0.058355376698519264	1.6079588666294884	-0.017041133370511666
-1.4148738806724561	-0.9767751798674917	300.0	K	0	0.3122488184335056	1.2096662438821703e-05	-0.05498034987715343	1.6093312405551017	-0.015668759444898126
-1.4098738806724562	-0.9717751798674918	300.0	K	0	0.3153211627093838	1.2215686465197834e-05	-0.05190800560127518	1.6105597222564334	-0.014440277743566392
-1.404873880672456	-0.9667751798674917	300.0	K	0	0.318094982701408	1.2323145523899499e-05	-0.049134185609251084	1.611650880118867	-0.01334911988113284
-1.3998738806724562	-0.9617751798674918	300.0	K	0	0.32058024609542296	1.2419425767648e-05	-0.0466489222152361	1.6126132347573936	-0.012386765242606552
-1.394873880672456	-0.9567751798674917	300.0	K	0	0.3227919219544035	1.250510710480853e-05	-0.044437246356255546	1.6134566767268075	-0.011543323273192666
-1.3898738806724562	-0.9517751798674918	300.0	K	0	0.324749095760095	1.258092891569745e-05	-0.04248007255056404	1.614191965708328	-0.010808034291672151
-1.384873880672456	-0.9467751798674917	300.0	K	0	0.32647401671668147	1.2647753144689432e-05	-0.040755151593977565	1.6148303018623302	-0.010169698137669585
-1.3798738806724562	-0.9417751798674918	300.0	K	0	0.3279911300209042	1.2706526809918002e-05	-0.03923803828975476	1.6153829664136659	-0.009617033586334204
-1.374873880672456	-0.9367751798674917	300.0	K	0	0.3293261661356164	1.2758246721315357e-05	-0.03790300217504268	1.6158610327846523	-0.009138967215347604
-1.3698738806724562	-0.9317751798674918	300.0	K	0	0.33050535306691015	1.2803928963866959e-05	-0.03672381524374885	1.6162751496392536	-0.008724850360746533
-1.364873880672456	-0.9267751798674917	300.0	K	0	0.3315547947105976	1.2844584814469106e-05	-0.035674373600061406	1.6166353939492009	-0.008364606050799145
-1.3598738806724562	-0.9217751798674918	300.0	K	0	0.3325000293623319	1.2881203638408522e-05	-0.03472913894832707	1.616951187635848	-0.008048812364152395
-1.354873880672456	-0.9167751798674917	300.0	K	0	0.3333657558362288	1.2914742279072143e-05	-0.03386341247443026	1.6172312672030607	-0.007768732796938913
-1.3498738806724562	-0.9117751798674918	300.0	K	0	0.3341756945204696	1.2946119675177457e-05	-0.03305347379018941	1.6174836929535112	-0.0075163070464884735
-1.344873880672456	-0.9067751798674917	300.0	K	0	0.334952537824561	1.2976214941076611e-05	-0.03227663048609799	1.6177158830077263	-0.007284116992273752
-1.3398738806724562	-0.9017751798674918	300.0	K	0	0.33571793762077445	1.3005866880232015e-05	-0.03151123068988453	1.6179346571259439	-0.0070653428740561006
-1.3348738806724563	-0.8967751798674919	300.0	K	0	0.3364924748302698	1.3035872806968826e-05	-0.0307366934803892	1.6181462758855605	-0.0068537241144397435
-1.3298738806724562	-0.8917751798674918	300.0	K	0	0.33729555730819843	1.3066984590497013e-05	-0.02993361100246057	1.6183564618709045	-0.006643538129095461
-1.324873880672456	-0.8867751798674917	300.0	K	0	0.3381451969458761	1.3099900019747285e-05	-0.029083971364782867	1.618570391254453	-0.006429608745547252
-1.3198738806724561	-0.8817751798674918	300.0	K	0	0.3390576270934845	1.3135247982151102e-05	-0.028171541217174557	1.6187926468652907	-0.006207353134709305
-1.3148738806724563	-0.8767751798674919	300.0	K	0	0.3400467396574329	1.3173566656534264e-05	-0.02718242865322607	1.619027128149221	-0.0059728718507791176
-1.3098738806724561	-0.8717751798674918	300.0	K	0	0.34112335018712625	1.321527504224127e-05	-0.0261058181235328	1.6192769199265389	-0.0057230800734613336
-1.304873880672456	-0.8667751798674916	300.0	K	0	0.34229433988524804	1.3260639720220136e-05	-0.024934828425410973	1.6195441307819032	-0.0054558692180968395
-1.2998738806724561	-0.8617751798674917	300.0	K	0	0.34356177275292077	1.3309740650820999e-05	-0.023667395557738224	1.6198297226524496	-0.005170277347550434
-1.2948738806724562	-0.8567751798674919	300.0	K	0	0.34492213500379426	1.3362441708349056e-05	-0.022307033306864663	1.620133363788006	-0.004866636211994198
-1.2898738806724561	-0.8517751798674917	300.0	K	0	0.3463658770398751	1.3418372936998128e-05	-0.020863291270783898	1.6204533444264109	-0.00454665557358935
-1.2848738806724562	-0.8467751798674918	300.0	K	0	0.34787743693983103	1.3476931460798339e-05	-0.01935173137082799	1.6207865942195743	-0.0042134057804257725
-1.279873880672456	-0.8417751798674917	300.0	K	0	0.349435873804547	1.3537306019713441e-05	-0.017793294506112063	1.6211288294796582	-0.003871170520342046
-1.2748738806724562	-0.8367751798674918	300.0	K	0	0.3510161382682751	1.3598526189825487e-05	-0.016213030042383968	1.6214748364432388	-0.0035251635567614377
-1.269873880672456	-0.8317751798674917	300.0	K	0	0.3525908752437208	1.3659532222506293e-05	-0.01463829306693824	1.6218188681340664	-0.003181131865933671
-1.2648738806724562	-0.8267751798674918	300.0	K	0	0.3541325280210552	1.3719256558178224e-05	-0.013096640289603787	1.6221551051486158	-0.002844894851384085
-1.259873880672456	-0.8217751798674917	300.0	K	0	0.3556154356572685	1.3776705080139703e-05	-0.011613732653390524	1.6224781139745608	-0.0025218860254391682
-1.2548738806724562	-0.8167751798674918	300.0	K	0	0.3570176154630448	1.3831026168924289e-05	-0.010211552847614234	1.6227832363957706	-0.0022167636042291364
-1.249873880672456	-0.8117751798674917	300.0	K	0	0.3583219993308146	1.3881558598216463e-05	-0.0089071689798444	1.6230668601411375	-0.001933139858862253
-1.2448738806724562	-0.8067751798674918	300.0	K	0	0.3595170183850342	1.3927854184471604e-05	-0.007712149925624857	1.6233265480892987	-0.0016734519107011751
-1.239873880672456	-0.8017751798674917	300.0	K	0	0.3605965625322645	1.3969676219867494e-05	-0.006632605778394467	1.6235610318735965	-0.001438968126403584
-1.2348738806724562	-0.7967751798674918	300.0	K	0	0.36155944249142363	1.4006978631109554e-05	-0.005669725819235338	1.6237700975460534	-0.0012299024539463854
-1.229873880672456	-0.7917751798674917	300.0	K	0	0.36240853262524564	1.403987277232843e-05	-0.004820635685413397	1.6239544019124004	-0.0010455980875996073
-1.2248738806724562	-0.7867751798674918	300.0	K	0	0.3631497746184824	1.4068588827116558e-05	-0.00407939369217658	1.6241152585112442	-0.0008847414887558265
-1.219873880672456	-0.7817751798674917	300.0	K	0	0.36379118962410134	1.409343753861879e-05	-0.00343797868655762	1.6242544251924884	-0.0007455748075116349
-1.2148738806724562	-0.7767751798674918	300.0	K	0	0.36434199879285545	1.4114776138444574e-05	-0.0028871695178036036	1.624373914930746	-0.000626085069254133
-1.209873880672456	-0.7717751798674917	300.0	K	0	0.3648119046746376	1.4132980507826827e-05	-0.0024172636360214254	1.6244758412517772	-0.0005241587482227181
-1.2048738806724562	-0.7667751798674918	300.0	K	0	0.36521054799938796	1.4148424133065145e-05	-0.00201862031127106	1.6245623014351405	-0.0004376985648595119
-1.199873880672456	-0.7617751798674917	300.0	K	0	0.36554712893447394	1.4161463432862993e-05	-0.0016820393761850393	1.6246352951591936	-0.00036470484080650036
-1.1948738806724561	-0.7567751798674918	300.0	K	0	0.3658301681509254	1.4172428501924065e-05	-0.0013990001597337057	1.6246966732755865	-0.0003033267244135525
-1.1898738806724563	-0.7517751798674919	300.0	K	0	0.3660673780950909	1.4181618123957215e-05	-0.0011617902155681386	1.6247481103302874	-0.00025188966971254506
-1.1848738806724561	-0.7467751798674918	300.0	K	0	0.3662656156040376	1.418929793597531e-05	-0.0009635527066214087	1.6247910946058053	-0.00020890539419453105
-1.179873880672456	-0.7417751798674916	300.0	K	0	0.3664308907697491	1.4195700771698315e-05	-0.0007982775409099069	1.6248269302711793	-0.00017306972882077235
-1.1748738806724561	-0.7367751798674917	300.0	K	0	0.3665684118699278	1.4201028402193197e-05	-0.0006607564407312627	1.6248567472862923	-0.00014325271370765034
-1.4748738806724562	-1.0367751798674918	300.0	Kprime	0	-0.25843764891826937	-1.001199305134524e-05	0.10879231280017876	1.5853888468720023	-0.03961115312799751
-1.4698738806724563	-1.031775179867492	300.0	Kprime	0	-0.26316361385365605	-1.0195079100502717e-05	0.10406634786479212	1.5876268136122815	-0.03737318638771847
-1.4648738806724562	-1.0267751798674918	300.0	Kprime	0	-0.26804289120924496	-1.0384104543135463e-05	0.09918707050920322	1.5899145610039276	-0.03508543899607234
-1.4598738806724563	-1.021775179867492	300.0	Kprime	0	-0.273014628456773	-1.0576711924388597e-05	0.09421533326167514	1.592221820521691	-0.03277817947830922
-1.4548738806724562	-1.0167751798674918	300.0	Kprime	0	-0.2780123880660357	-1.0770327423870472e-05	0.08921757365241247	1.59451586423934	-0.03048413576066012
-1.4498738806724563	-1.0117751798674919	300.0	Kprime	0	-0.2829690219569729	-1.0962349694162134e-05	0.08426093976147525	1.5967641199211167	-0.028235880078883002
-1.4448738806724561	-1.0067751798674918	300.0	Kprime	0	-0.2878211004512612	-1.1150321440433356e-05	0.07940886126718694	1.5989365546207157	-0.026063445379284213
-1.4398738806724563	-1.0017751798674919	300.0	Kprime	0	-0.29251230799355776	-1.1332060972241066e-05	0.07471765372489036	1.6010075065399678	-0.023992493460032068
-1.4348738806724561	-0.9967751798674918	300.0	Kprime	0	-0.2969955215695141	-1.1505742722396464e-05	0.07023444014893407	1.6029567908383817	-0.0220432091616182
-1.4298738806724562	-0.9917751798674919	300.0	Kprime	0	-0.3012336251793686	-1.166992880004556e-05	0.06599633653907962	1.6047700753590597	-0.020229924640940262
-1.4248738806724561	-0.9867751798674917	300.0	Kprime	0	-0.30519936635758643	-1.1823563432174206e-05	0.06203059536086171	1.6064386603700405	-0.018561339629959536
-1.4198738806724562	-0.9817751798674919	300.0	Kprime	0	-0.30887465981603157	-1.196594598642521e-05	0.05835530190241659	1.6079588672615772	-0.017041132738422927
-1.4148738806724561	-0.9767751798674917	300.0	Kprime	0	-0.3122496920263424	-1.2096696282208874e-05	0.05498026969210572	1.6093312410714165	-0.015668758928583496
-1.4098738806724562	-0.9717751798674918	300.0	Kprime	0	-0.31532203930776126	-1.2215720425021026e-05	0.05190792241068686	1.6105597226721087	-0.014440277327891379
-1.404873880672456	-0.9667751798674917	300.0	Kprime	0	-0.3180958604184153	-1.2323179527058926e-05	0.04913410130003282	1.6116508804496572	-0.013349119550342979
-1.3998738806724562	-0.9617751798674918	300.0	Kprime	0	-0.3205811235129835	-1.2419459759206721e-05	0.04664883820546467	1.6126132350185762	-0.01238676498142392
-1.394873880672456	-0.9567751798674917	300.0	Kprime	0	-0.32279279807001726	-1.2505141045929237e-05	0.04443716364843087	1.6134566769324357	-0.011543323067564264
-1.3898738806724562	-0.9517751798674918	300.0	Kprime	0	-0.3247499699192724	-1.2580962781024916e-05	0.04247999179917571	1.6141919658708117	-0.010808034129188413
-1.384873880672456	-0.9467751798674917	300.0	Kprime	0	-0.3264748885409403	-1.2647786919561081e-05	0.04075507317750784	1.6148303019922905	-0.01016969800770948
-1.3798738806724562	-0.9417751798674918	300.0	Kprime	0	-0.32799199933879036	-1.2706560487691625e-05	0.03923796237965774	1.6153829665199897	-0.00961703348001028
-1.374873880672456	-0.9367751798674917	300.0	Kprime	0	-0.32932703292151144	-1.2758280300998482e-05	0.03790292879693669	1.6158610328746756	-0.0091389671253245
-1.3698738806724562	-0.9317751798674918	300.0	Kprime	0	-0.33050621738995783	-1.2803962448138248e-05	0.036723744328490376	1.616275149719005	-0.008724850280995062
-1.364873880672456	-0.9267751798674917	300.0	Kprime	0	-0.33155565669420944	-1.2844618208109576e-05	0.035674305024238705	1.6166353940236675	-0.00836460597633237
-1.3598738806724562	-0.9217751798674918	300.0	Kprime	0	-0.33250088915351134	-1.2881236947113154e-05	0.03472907256493682	1.6169511877092253	-0.008048812290774537
-1.354873880672456	-0.9167751798674917	300.0	Kprime	0	-0.33336661358329645	-1.2914775508586949e-05	0.03386334813515169	1.6172312672789748	-0.007768732721024999
-1.3498738806724562	-0.9117751798674918	300.0	Kprime	0	-0.3341765503575605	-1.2946152830698888e-05	0.03305341136088762	1.6174836930351963	-0.007516306964803825
-1.344873880672456	-0.9067751798674917	300.0	Kprime	0	-0.3349533918613284	-1.2976248026852682e-05	0.03227656985711982	1.6177158830981628	-0.007284116901837148
-1.3398738806724562	-0.9017751798674918	300.0	Kprime	0	-0.33571878993596593	-1.3005899899313446e-05	0.03151117178248225	1.6179346572279518	-0.007065342772048383
-1.3348738806724563	-0.8967751798674919	300.0	Kprime	0	-0.336493325468137	-1.3035905761069945e-05	0.03073663625031116	1.618146276001841	-0.006853723998158857
-1.3298738806724562	-0.8917751798674918	300.0	Kprime	0	-0.3372964062770081	-1.3067017479938077e-05	0.02993355544144005	1.6183564620040403	-0.006643537995959581
-1.324873880672456	-0.8867751798674917	300.0	Kprime	0	-0.338146044218077	-1.3099932843460949e-05	0.02908391750037118	1.6185703914068523	-0.006429608593147538
-1.3198738806724561	-0.8817751798674918	300.0	Kprime	0	-0.3390584726073268	-1.3135280737745146e-05	0.028171489111121318	1.6187926470390872	-0.00620735296091261
-1.3148738806724563	-0.8767751798674919	300.0	Kprime	0	-0.3400475833200265	-1.3173599340410086e-05	0.027182378398421712	1.6190271283461222	-0.005972871653877742
-1.3098738806724561	-0.8717751798674918	300.0	Kprime	0	-0.34112419187903736	-1.321530764977195e-05	0.026105769839410806	1.6192769201476391	-0.005723079852360546
-1.304873880672456	-0.8667751798674916	300.0	Kprime	0	-0.3422951794667722	-1.3260672245993455e-05	0.024934782251675947	1.6195441310274776	-0.005455868972522186
-1.2998738806724561	-0.8617751798674917	300.0	Kprime	0	-0.34356261007209093	-1.3309773088949686e-05	0.023667351646357165	1.6198297229217533	-0.005170277078246544
-1.2948738806724562	-0.8567751798674919	300.0	Kprime	0	-0.34492296990600857	-1.3362474052843767e-05	0.02230699181243953	1.620133364079122	-0.004866635920877839
-1.2898738806724561	-0.8517751798674917	300.0	Kprime	0	-0.34636670937874847	-1.3418405182187834e-05	0.02086325233969965	1.6204533447361842	-0.004546655263815856
-1.2848738806724562	-0.8467751798674918	300.0	Kprime	0	-0.3478782665885524	-1.3476963601770323e-05	0.019351695129895718	1.6207865945436666	-0.004213405456333509
-1.279873880672456	-0.8417751798674917	300.0	Kprime	0	-0.3494367006667279	-1.3537338052733568e-05	0.017793261051720265	1.6211288298127438	-0.003871170187256295
-1.2748738806724562	-0.8367751798674918	300.0	Kprime	0	-0.3510169622871139	-1.3598558112693237e-05	0.016212999431334297	1.6214748367793346	-0.0035251632206655943
-1.269873880672456	-0.8317751798674917	300.0	Kprime	0	-0.3525916964083613	-1.3659564034801093e-05	0.014638265310086834	1.6218188684669548	-0.0031811315330451686
-1.2648738806724562	-0.8267751798674918	300.0	Kprime	0	-0.35413334636932425	-1.37192882613655e-05	0.013096615349123935	1.622155105472304	-0.0028448945276957982
-1.259873880672456	-0.8217751798674917	300.0	Kprime	0	-0.35561625127448365	-1.37767366775247e-05	0.011613710443964517	1.622478114283704	-0.002521885716296027
-1.2548738806724562	-0.8167751798674918	300.0	Kprime	0	-0.35701842847717613	-1.3831057665464624e-05	0.010211533241272048	1.622783236685999	-0.002216763314000708
-1.249873880672456	-0.8117751798674917	300.0	Kprime	0	-0.3583228099048003	-1.3881590000224439e-05	0.008907151813647814	1.623066860409251	-0.0019331395907488862
-1.2448738806724562	-0.8067751798674918	300.0	Kprime	0	-0.3595178267073762	-1.3927885499249869e-05	0.007712135011071909	1.6233265483333181	-0.0016734516666818465
-1.239873880672456	-0.8017751798674917	300.0	Kprime	0	-0.3605973688071034	-1.396970745532455e-05	0.006632592911344688	1.6235610320926928	-0.001438967907307147
-1.2348738806724562	-0.7967751798674918	300.0	Kprime	0	-0.36156024692914135	-1.4007009795395694e-05	0.005669714789306736	1.6237700977403884	-0.0012299022596114599
-1.229873880672456	-0.7917751798674917	300.0	Kprime	0	-0.3624093354343535	-1.4039903873521476e-05	0.004820626284094662	1.623954402082917	-0.0010455979170828748
-1.2248738806724562	-0.7867751798674918	300.0	Kprime	0	-0.36315057599921113	-1.4068619872973541e-05	0.004079385719237041	1.6241152586594478	-0.0008847413405525388
-1.219873880672456	-0.7817751798674917	300.0	Kprime	0	-0.3637919897638048	-1.4093468536397885e-05	0.0034379719546433923	1.6242544253202387	-0.0007455746797613855
-1.2148738806724562	-0.7767751798674918	300.0	Kprime	0	-0.3643427978631121	-1.4114807094792809e-05	0.0028871638553359938	1.6243739150400844	-0.0006260849599157415
-1.209873880672456	-0.7717751798674917	300.0	Kprime	0	-0.36481270282979733	-1.4133011428723788e-05	0.002417258888650791	1.6244758413447886	-0.0005241586552114483
-1.2048738806724562	-0.7667751798674918	300.0	Kprime	0	-0.36521134537625083	-1.4148455023810529e-05	0.0020186163421973217	1.6245623015138533	-0.0004376984861467472
-1.199873880672456	-0.7617751798674917	300.0	Kprime	0	-0.3655479256527925	-1.4161494298096066e-05	0.0016820360656556895	1.6246352952255139	-0.0003647047744860559
-1.1948738806724561	-0.7567751798674918	300.0	Kprime	0	-0.3658309643144525	-1.4172459345664266e-05	0.0013989974039956563	1.6246966733312593	-0.0003033266687408253
-1.1898738806724563	-0.7517751798674919	300.0	Kprime	0	-0.3660681737929494	-1.4181648949657202e-05	0.0011617879254986704	1.6247481103768768	-0.00025188962312305894
-1.1848738806724561	-0.7467751798674918	300.0	Kprime	0	-0.3662664109122388	-1.4189328746579793e-05	0.0009635508062093636	1.6247910946446922	-0.00020890535530757796
-1.179873880672456	-0.7417751798674916	300.0	Kprime	0	-0.36643168575273843	-1.419573156970394e-05	0.00079827596570969	1.6248269303035665	-0.00017306969643331003
-1.1748738806724561	-0.7367751798674917	300.0	Kprime	0	-0.3665692065820773	-1.4201059189706362e-05	0.000660755136370825	1.624856747313218	-0.00014325268678209982
-1.4748738806724562	-1.0367751798674918	300.0	rest	0	7.969336633594877e-06	3.0873575631627935e-10	2.1217236697648301e-07	14.74715106940263	-0.0028489305973670087
-1.4698738806724563	-1.031775179867492	300.0	rest	0	7.934468472886855e-06	3.073849477781925e-10	1.7730420609444472e-07	14.747632998560473	-0.002367001439521397
-1.4648738806724562	-1.0267751798674918	300.0	rest	0	7.904993100510834e-06	3.06243058333486e-10	1.4782883363767242e-07	14.748036008414378	-0.001963991585634409
-1.4598738806724563	-1.021775179867492	300.0	rest	0	7.880180419253014e-06	3.052818036812387e-10	1.2301615243439716e-07	14.748372227531187	-0.0016277724688101762
-1.4548738806724562	-1.0167751798674918	300.0	rest	0	7.85936649183413e-06	3.044754625867375e-10	1.02202225100359e-07	14.748652162855151	-0.0013478371448477694
-1.4498738806724563	-1.0117751798674919	300.0	rest	0	7.841958696810328e-06	3.038010766234421e-10	8.479442994964398e-08	14.748884841380464	-0.0011151586195194373
-1.4448738806724561	-1.0067751798674918	300.0	rest	0	7.82743585920081e-06	3.0323845523355985e-10	7.027159261923638e-08	14.749077964698944	-0.0009220353010542025
-1.4398738806724563	-1.0017751798674919	300.0	rest	0	7.815345069912984e-06	3.0277005251111716e-10	5.818080303557805e-08	14.749238065269738	-0.0007619347302609289
-1.4348738806724561	-0.9967751798674918	300.0	rest	0	7.80529651541017e-06	3.023807669009155e-10	4.8132248842218826e-08	14.749370656845544	-0.0006293431544540991
-1.4298738806724562	-0.9917751798674919	300.0	rest	0	7.79695730847365e-06	3.0205770219942313e-10	3.979304169174176e-08	14.749480374365568	-0.0005196256344380592
-1.4248738806724561	-0.9867751798674917	300.0	rest	0	7.790044979423931e-06	3.01789915401702e-10	3.2880712892795725e-08	14.749571100795936	-0.00042889920407158293
-1.4198738806724562	-0.9817751798674919	300.0	rest	0	7.784321089173659e-06	3.0156816926814806e-10	2.715682236063416e-08	14.74964607994455	-0.0003539200554442183
-1.4148738806724561	-0.9767751798674917	300.0	rest	0	7.779585220076696e-06	3.0138469952722864e-10	2.2420953505939884e-08	14.749708015316854	-0.00029198468313970714
-1.4098738806724562	-0.9717751798674918	300.0	rest	0	7.775669504522047e-06	3.0123300291070126e-10	1.850523789445308e-08	14.749759155730125	-0.00024084426985969163
-1.404873880672456	-0.9667751798674917	300.0	rest	0	7.772433739164922e-06	3.0110764787668463e-10	1.5269472476664844e-08	14.749801368772427	-0.00019863122757055146
-1.3998738806724562	-0.9617751798674918	300.0	rest	0	7.769761102942573e-06	3.0100410872362806e-10	1.2596836067283577e-08	14.74983620336271	-0.00016379663729942535
-1.394873880672456	-0.9567751798674917	300.0	rest	0	7.76755444498183e-06	3.0091862178214666e-10	1.0390178318224623e-08	14.749864942709582	-0.00013505729041741367
-1.3898738806724562	-0.9517751798674918	300.0	rest	0	7.765733102889325e-06	3.0084806215412575e-10	8.568836214392312e-09	14.749888648924134	-0.00011135107586660788
-1.384873880672456	-0.9467751798674917	300.0	rest	0	7.764230190590619e-06	3.007898386423642e-10	7.065923710409075e-09	14.749908200453316	-9.179954669087632e-05
-1.3798738806724562	-0.9417751798674918	300.0	rest	0	7.762990305354618e-06	3.00741804919649e-10	5.82603856645237e-09	14.749924323388193	-7.567661180718397e-05
-1.374873880672456	-0.9367751798674917	300.0	rest	0	7.76196759805559e-06	3.007021847698207e-10	4.803331338750485e-09	14.749937617580299	-6.238241971316104e-05
-1.3698738806724562	-0.9317751798674918	300.0	rest	0	7.761124152696793e-06	3.0066950930977516e-10	3.959886013982332e-09	14.74994857837991	-5.1421620091167786e-05
-1.364873880672456	-0.9267751798674917	300.0	rest	0	7.760428632689257e-06	3.0064256454568347e-10	3.26436614649258e-09	14.749957614698616	-4.238530139494932e-05
-1.3598738806724562	-0.9217751798674918	300.0	rest	0	7.759855152515137e-06	3.0062034766071177e-10	2.6908859394449586e-09	14.749965063995454	-3.493600454889041e-05
-1.354873880672456	-0.9167751798674917	300.0	rest	0	7.759382337829885e-06	3.00602030602949e-10	2.2180708889035113e-09	14.74997120469632	-2.8795303672473155e-05
-1.3498738806724562	-0.9117751798674918	300.0	rest	0	7.75899254444832e-06	3.005869298285687e-10	1.8282775463297654e-09	14.749976266475825	-2.3733524177252633e-05
-1.344873880672456	-0.9067751798674917	300.0	rest	0	7.758671213064787e-06	3.005744813033922e-10	1.5069462336472223e-09	14.74998043876278	-1.9561237229110052e-05
-1.3398738806724562	-0.9017751798674918	300.0	rest	0	7.758406331744408e-06	3.0056421967955305e-10	1.2420648147111826e-09	14.749983877771673	-1.612222832854601e-05
-1.3348738806724563	-0.8967751798674919	300.0	rest	0	7.758187991610078e-06	3.0055576108260755e-10	1.0237248343950247e-09	14.74998671231233	-1.3287687684237963e-05
-1.3298738806724562	-0.8917751798674918	300.0	rest	0	7.758008020971432e-06	3.0054878893752305e-10	8.437543285118513e-10	14.749989048587777	-1.0951412226053001e-05
-1.324873880672456	-0.8867751798674917	300.0	rest	0	7.757859681154996e-06	3.0054304218499834e-10	6.954144012195321e-10	14.749990974155452	-9.025844557724143e-06
-1.3198738806724561	-0.8817751798674918	300.0	rest	0	7.757737415436159e-06	3.005383055549735e-10	5.73148462542111e-10	14.74999256119614	-7.438803849125177e-06
-1.3148738806724563	-0.8767751798674919	300.0	rest	0	7.757636641983359e-06	3.0053440154519236e-10	4.72375220205156e-10	14.749993869211533	-6.130788468968916e-06
-1.3098738806724561	-0.8717751798674918	300.0	rest	0	7.757553584559045e-06	3.005311838624802e-10	3.893177645339827e-10	14.749994947249178	-5.052750822610621e-06
-1.304873880672456	-0.8667751798674916	300.0	rest	0	7.757485129197409e-06	3.005285318703734e-10	3.2086250936940577e-10	14.749995835737954	-4.164262042110169e-06
-1.2998738806724561	-0.8617751798674917	300.0	rest	0	7.75742870957023e-06	3.0052634614813967e-10	2.644428282495594e-10	14.74999656800157	-3.431998435243694e-06
-1.2948738806724562	-0.8567751798674919	300.0	rest	0	7.757382209781491e-06	3.005245447249968e-10	2.1794303899262843e-10	14.749997171506585	-2.8284934288995913e-06
-1.2898738806724561	-0.8517751798674917	300.0	rest	0	7.757343886037224e-06	3.005230600455668e-10	1.7961925312682832e-10	14.74999766889146	-2.3311085329598633e-06
-1.2848738806724562	-0.8467751798674918	300.0	rest	0	7.757312301015366e-06	3.0052183642733356e-10	1.480340691001032e-10	14.749998078815057	-1.921184955002869e-06
-1.279873880672456	-0.8417751798674917	300.0	rest	0	7.757286269516144e-06	3.0052082795511434e-10	1.2200274032078157e-10	14.749998416655789	-1.583344197363489e-06
-1.2748738806724562	-0.8367751798674918	300.0	rest	0	7.75726481559048e-06	3.0051999682019433e-10	1.0054876637147542e-10	14.749998695088498	-1.3049115040870585e-06
-1.269873880672456	-0.8317751798674917	300.0	rest	0	7.75724713414634e-06	3.0051931183293876e-10	8.286732336020007e-11	14.749998924559412	-1.0754406009729772e-06
-1.2648738806724562	-0.8267751798674918	300.0	rest	0	7.757232561686524e-06	3.005187472891618e-10	6.829506656597417e-11	14.749999113678056	-8.863219458833899e-07
-1.259873880672456	-0.8217751798674917	300.0	rest	0	7.757220552140963e-06	3.005182820338586e-10	5.628529667285707e-11	14.749999269540183	-7.304598252969105e-07
-1.2548738806724562	-0.8167751798674918	300.0	rest	0	7.757210654219891e-06	3.005178985838566e-10	4.638742862388798e-11	14.749999397993788	-6.020062050794317e-07
-1.249873880672456	-0.8117751798674917	300.0	rest	0	7.757202496972123e-06	3.0051758256833675e-10	3.823008642156985e-11	14.749999503858628	-4.961413634225647e-07
-1.2448738806724562	-0.8067751798674918	300.0	rest	0	7.757195773869786e-06	3.005173221122687e-10	3.150722129035445e-11	14.749999591106915	-4.0889308706583323e-07
-1.239873880672456	-0.8017751798674917	300.0	rest	0	7.757190233488739e-06	3.005171074753658e-10	2.5966576190501307e-11	14.749999663012348	-3.3698765306219034e-07
-1.2348738806724562	-0.7967751798674918	300.0	rest	0	7.757185666949799e-06	3.0051693056555283e-10	2.1400261828750153e-11	14.749999722272998	-2.7772700938601096e-07
-1.229873880672456	-0.7917751798674917	300.0	rest	0	7.757181903746091e-06	3.0051678477731524e-10	1.7636941557714477e-11	14.74999977111245	-2.28887549932494e-07
-1.2248738806724562	-0.7867751798674918	300.0	rest	0	7.757178802136217e-06	3.0051666461952617e-10	1.4535418798836904e-11	14.749999811363313	-1.886366870937425e-07
-1.219873880672456	-0.7817751798674917	300.0	rest	0	7.757176246036995e-06	3.005165655950699e-10	1.1979308733365355e-11	14.74999984453591	-1.5546409360680878e-07
-1.2148738806724562	-0.7767751798674918	300.0	rest	0	7.757174139365504e-06	3.005164839816501e-10	9.872693573405327e-12	14.749999871874975	-1.2812503444213892e-07
-1.209873880672456	-0.7717751798674917	300.0	rest	0	7.757172403335391e-06	3.0051641672704736e-10	8.136542184942826e-12	14.74999989440634	-1.0559366319037048e-07
-1.2048738806724562	-0.7667751798674918	300.0	rest	0	7.757170972411864e-06	3.005163612924136e-10	6.7056944652101434e-12	14.74999991297547	-8.70245305020851e-08
-1.199873880672456	-0.7617751798674917	300.0	rest	0	7.757169793239953e-06	3.0051631561075293e-10	5.526466545520049e-12	14.749999928279141	-7.172086147099165e-08
-1.1948738806724561	-0.7567751798674918	300.0	rest	0	7.757168821390307e-06	3.005162779608519e-10	4.554612316525635e-12	14.7499999408916	-5.910841125251365e-08
-1.1898738806724563	-0.7517751798674919	300.0	rest	0	7.757168020460596e-06	3.0051624693246755e-10	3.753662274621726e-12	14.749999951286094	-4.871391782757081e-08
-1.1848738806724561	-0.7467751798674918	300.0	rest	0	7.757167360527979e-06	3.005162213663753e-10	3.093562747727636e-12	14.749999959852659	-4.014734398838481e-08
-1.179873880672456	-0.7417751798674916	300.0	rest	0	7.757166816317643e-06	3.005162002834173e-10	2.549548170890564e-12	14.749999966912766	-3.308724195452492e-08
-1.1748738806724561	-0.7367751798674917	300.0	rest	0	7.757166367913727e-06	3.0051618291204396e-10	2.10119779766685e-12	14.74999997273131	-2.72686920579985e-08
-1.4748738806724562	-1.0367751798674918	300.0	valley	0	0.51687469988704	2.0023962937852653e-05	-0.21758443014206721	-1.531621579564657e-09	-1.5316216767904869e-09
-1.4698738806724563	-1.031775179867492	300.0	valley	0	0.526326594134863	2.039013365611817e-05	-0.20813253589424413	-1.5779733630871817e-09	-1.5779733064105132e-09
-1.4648738806724562	-1.0267751798674918	300.0	valley	0	0.5360851135699556	2.076818317477194e-05	-0.19837401645915165	-1.5908104278317126e-09	-1.5908103895187183e-09
-1.4598738806724563	-1.021775179867492	300.0	valley	0	0.5460285539116092	2.1153396614159733e-05	-0.18843057611749792	-1.5684691462292122e-09	-1.5684691564342651e-09
-1.4548738806724562	-1.0167751798674918	300.0	valley	0	0.5560240408781498	2.15406263636668e-05	-0.17843508915095724	-1.5118832991101172e-09	-1.5118831317093018e-09
-1.4498738806724563	-1.0117751798674919	300.0	valley	0	0.5659372790222987	2.1924669756071044e-05	-0.1685218510068084	-1.4245730567408188e-09	-1.4245732435556294e-09
-1.4448738806724561	-1.0067751798674918	300.0	valley	0	0.5756414095718257	2.230061222435258e-05	-0.15881772045728137	-1.3122471304027883e-09	-1.3122470652964478e-09
-1.4398738806724563	-1.0017751798674919	300.0	valley	0	0.5850238018247546	2.2664090403458853e-05	-0.14943532820435262	-1.1820943113249882e-09	-1.1820944556932837e-09
-1.4348738806724561	-0.9967751798674918	300.0	valley	0	0.5939902099594357	2.3011453167033382e-05	-0.14046892006967143	-1.041928446299245e-09	-1.0419285076413711e-09
-1.4298738806724562	-0.9917751798674919	300.0	valley	0	0.6024664019792649	2.3339824733481257e-05	-0.13199272804984225	-8.993357725195494e-10	-8.993357802783712e-10
-1.4248738806724561	-0.9867751798674917	300.0	valley	0	0.6103978727712046	2.364709354972467e-05	-0.12406125725790254	-7.609719659962266e-10	-7.609721451064255e-10
-1.4198738806724562	-0.9817751798674919	300.0	valley	0	0.6177484514281714	2.393185833823345e-05	-0.11671067860093584	-6.320891587918709e-10	-6.320887428427896e-10
-1.4148738806724561	-0.9767751798674917	300.0	valley	0	0.624498510459848	2.419335872103058e-05	-0.10996061956925916	-5.163146993281131e-10	-5.163146324430035e-10
-1.4098738806724562	-0.9717751798674918	300.0	valley	0	0.6306432020171452	2.4431406890218865e-05	-0.10381592801196203	-4.156751332029529e-10	-4.156750143743948e-10
-1.404873880672456	-0.9667751798674917	300.0	valley	0	0.6361908431198233	2.4646325050958427e-05	-0.0982682869092839	-3.3079033956440185e-10	-3.3078985951525525e-10
-1.3998738806724562	-0.9617751798674918	300.0	valley	0	0.6411613696084065	2.4838885526854723e-05	-0.09329776042070079	-2.6118272822284183e-10	-2.6118263342714954e-10
-1.394873880672456	-0.9567751798674917	300.0	valley	0	0.6455847200244206	2.501024815073776e-05	-0.0888744100046864	-2.0562819502689678e-10	-2.056283990136063e-10
-1.3898738806724562	-0.9517751798674918	300.0	valley	0	0.6494990656793674	2.516189169672237e-05	-0.08496006434973975	-1.624837070446361e-10	-1.6248373851021603e-10
-1.384873880672456	-0.9467751798674917	300.0	valley	0	0.6529489052576216	2.5295540064250507e-05	-0.08151022477148542	-1.2996029252754226e-10	-1.2996010417113172e-10
-1.3798738806724562	-0.9417751798674918	300.0	valley	0	0.6559831293596947	2.5413087297609634e-05	-0.07847600066941249	-1.0632410230027034e-10	-1.0632392276231981e-10
-1.374873880672456	-0.9367751798674917	300.0	valley	0	0.6586531990571278	2.551652702231384e-05	-0.07580593097197937	-9.002325274121148e-11	-9.002310180502248e-11
-1.3698738806724562	-0.9317751798674918	300.0	valley	0	0.6610115704568679	2.5607891412005202e-05	-0.07344755957223921	-7.975160809525761e-11	-7.97514736330124e-11
-1.364873880672456	-0.9267751798674917	300.0	valley	0	0.6631104514048072	2.5689203022578686e-05	-0.0713486786243001	-7.44668354757394e-11	-7.446677808841019e-11
-1.3598738806724562	-0.9217751798674918	300.0	valley	0	0.6650009185158433	2.5762440585521678e-05	-0.06945821151326387	-7.337788709982362e-11	-7.337785556161062e-11
-1.354873880672456	-0.9167751798674917	300.0	valley	0	0.6667323694195252	2.5829517787659092e-05	-0.06772676060958195	-7.591390016603583e-11	-7.591391489784461e-11
-1.3498738806724562	-0.9117751798674918	300.0	valley	0	0.6683522448780301	2.5892272505876346e-05	-0.06610688515107703	-8.168481169246178e-11	-8.168464804590813e-11
-1.344873880672456	-0.9067751798674917	300.0	valley	0	0.6699059296858894	2.595246296792929e-05	-0.06455320034321779	-9.043649162876477e-11	-9.043660369630589e-11
-1.3398738806724562	-0.9017751798674918	300.0	valley	0	0.6714367275567403	2.601176677954546e-05	-0.06302240247236678	-1.0200812416982785e-10	-1.0200771794352014e-10
-1.3348738806724563	-0.8967751798674919	300.0	valley	0	0.672985800298407	2.6071778568038783e-05	-0.06147332973070036	-1.1628073504077463e-10	-1.1628088739087338e-10
-1.3298738806724562	-0.8917751798674918	300.0	valley	0	0.6745919635852065	2.613400207043509e-05	-0.05986716644390062	-1.3313597446718006e-10	-1.3313587883318985e-10
-1.324873880672456	-0.8867751798674917	300.0	valley	0	0.6762912411639531	2.6199832863208238e-05	-0.05816788886515405	-1.5239945416745115e-10	-1.523997136909876e-10
-1.3198738806724561	-0.8817751798674918	300.0	valley	0	0.6781160997008113	2.6270528719896248e-05	-0.05634303032829588	-1.737966021098103e-10	-1.7379669518798447e-10
-1.3148738806724563	-0.8767751798674919	300.0	valley	0	0.6800943229774594	2.6347165996944353e-05	-0.05436480705164778	-1.9690134245298196e-10	-1.9690137549197853e-10
-1.3098738806724561	-0.8717751798674918	300.0	valley	0	0.6822475420661636	2.6430582692013217e-05	-0.05221158796294361	-2.2110044350931446e-10	-2.2110078802638676e-10
-1.304873880672456	-0.8667751798674916	300.0	valley	0	0.6845895193520202	2.652131196621359e-05	-0.049869610677086916	-2.45574519053271e-10	-2.455746530939585e-10
-1.2998738806724561	-0.8617751798674917	300.0	valley	0	0.6871243828250116	2.6619513739770682e-05	-0.0473347472040954	-2.693035794365528e-10	-2.69303889453232e-10
-1.2948738806724562	-0.8567751798674919	300.0	valley	0	0.6898451049098029	2.6724915761192826e-05	-0.04461402511930419	-2.911162422236657e-10	-2.9111636113560363e-10
-1.2898738806724561	-0.8517751798674917	300.0	valley	0	0.6927325864186235	2.683677811918596e-05	-0.04172654361048356	-3.0977331810788655e-10	-3.097734936893462e-10
-1.2848738806724562	-0.8467751798674918	300.0	valley	0	0.6957557035283835	2.6953895062568663e-05	-0.0387034265007237	-3.2409214201223335e-10	-3.240922638143403e-10
-1.279873880672456	-0.8417751798674917	300.0	valley	0	0.6988725744712749	2.7074644072447013e-05	-0.03558655555783232	-3.3308555913436066e-10	-3.330857510990257e-10
-1.2748738806724562	-0.8367751798674918	300.0	valley	0	0.7020331005553888	2.7197084302518715e-05	-0.03242602947371827	-3.360957623321781e-10	-3.3609584423733917e-10
-1.269873880672456	-0.8317751798674917	300.0	valley	0	0.7051825716520823	2.7319096257307393e-05	-0.029276558377025075	-3.3288821699173354e-10	-3.328885023904457e-10
-1.2648738806724562	-0.8267751798674918	300.0	valley	0	0.7082658743903794	2.743854481954372e-05	-0.026193255638727722	-3.23688006953482e-10	-3.236882864717142e-10
-1.259873880672456	-0.8217751798674917	300.0	valley	0	0.7112316869317522	2.7553441757664403e-05	-0.02322744309735504	-3.0914318327468493e-10	-3.0914314158014985e-10
-1.2548738806724562	-0.8167751798674918	300.0	valley	0	0.714036043940221	2.7662083834388918e-05	-0.020423086088886284	-2.9022852177096325e-10	-2.902284284196011e-10
-1.249873880672456	-0.8117751798674917	300.0	valley	0	0.716644809235615	2.7763148598440903e-05	-0.01781432079349222	-2.681133787207912e-10	-2.6811336685359824e-10
-1.2448738806724562	-0.8067751798674918	300.0	valley	0	0.7190348450924103	2.7855739683721473e-05	-0.015424284936696767	-2.440194019071029e-10	-2.4401932857872945e-10
-1.239873880672456	-0.8017751798674917	300.0	valley	0	0.7211939313393679	2.7939383675192045e-05	-0.013265198689739157	-2.1909625502747332e-10	-2.190964370165701e-10
-1.2348738806724562	-0.7967751798674918	300.0	valley	0	0.7231196894205649	2.8013988426505247e-05	-0.011339440608542072	-1.943348537647438e-10	-1.9433492559852267e-10
-1.229873880672456	-0.7917751798674917	300.0	valley	0	0.7248178680595991	2.8079776645849906e-05	-0.00964126196950806	-1.7051640655019185e-10	-1.7051673242502354e-10
-1.2248738806724562	-0.7867751798674918	300.0	valley	0	0.7263003506176936	2.8137208700090103e-05	-0.008158779411413625	-1.4820354665712188e-10	-1.4820328759238778e-10
-1.219873880672456	-0.7817751798674917	300.0	valley	0	0.7275831793879062	2.8186906075016676e-05	-0.006875950641201012	-1.2775015767463316e-10	-1.277502493976059e-10
-1.2148738806724562	-0.7767751798674918	300.0	valley	0	0.7286847966559675	2.822958323323738e-05	-0.005774333373139598	-1.0933884353470091e-10	-1.0933839159051862e-10
-1.209873880672456	-0.7717751798674917	300.0	valley	0	0.7296246075044349	2.8265991936550613e-05	-0.004834522524672216	-9.301130698968763e-11	-9.301126970476057e-11
-1.2048738806724562	-0.7667751798674918	300.0	valley	0	0.7304218933756386	2.8296879156875665e-05	-0.004037236653468382	-7.871307772244762e-11	-7.87127646826338e-11
-1.199873880672456	-0.7617751798674917	300.0	valley	0	0.7310950545872666	2.8322957730959068e-05	-0.0033640754418407287	-6.632053239918889e-11	-6.632044452417847e-11
-1.1948738806724561	-0.7567751798674918	300.0	valley	0	0.7316611324653778	2.8344887847588324e-05	-0.0027979975637293622	-5.567279970364325e-11	-5.567272729056084e-11
-1.1898738806724563	-0.7517751798674919	300.0	valley	0	0.7321355518880402	2.8363267073614413e-05	-0.00232357814106681	-4.658932961643103e-11	-4.658948619885563e-11
-1.1848738806724561	-0.7467751798674918	300.0	valley	0	0.7325320265162765	2.8378626682555104e-05	-0.0019271035128307723	-3.8886602271581694e-11	-3.888695307372304e-11
-1.179873880672456	-0.7417751798674916	300.0	valley	0	0.7328625765224877	2.839143234140226e-05	-0.0015965535066195967	-3.238721790754795e-11	-3.238746234947375e-11
-1.1748738806724561	-0.7367751798674917	300.0	valley	0	0.7331376184520051	2.8402087591899557e-05	-0.0013215115771020877	-2.692568390472161e-11	-2.692555050821962e-11
