# mu_eV	mu_minus_reference_eV	temperature_K	region	band_id	sigma_e2_over_h	sigma_S	delta_sigma_e2_over_h	electrons_per_cell	delta_electrons_per_cell
-1.4748738807166568	-1.0367751797248288	0.0	total	0	1.4141646895768924e-09	5.478538867987957e-14	3.530082845829008e-09	17.888888888888886	-0.11111111111111113
-1.469873880716657	-1.031775179724829	0.0	total	0	1.4141646895768924e-09	5.478538867987957e-14	3.530082845829008e-09	17.888888888888886	-0.11111111111111113
-1.4648738807166568	-1.0267751797248288	0.0	total	0	1.4141646895768924e-09	5.478538867987957e-14	3.530082845829008e-09	17.888888888888886	-0.11111111111111113
-1.459873880716657	-1.021775179724829	0.0	total	0	-2.4761399815219568e-11	-9.5926798564075e-16	2.0911568310300055e-09	17.97222222222222	-0.027777777777777776
-1.4548738807166568	-1.0167751797248288	0.0	total	0	-2.4761399815219568e-11	-9.5926798564075e-16	2.0911568310300055e-09	17.97222222222222	-0.027777777777777776
-1.449873880716657	-1.0117751797248289	0.0	total	0	-2.4761399815219568e-11	-9.5926798564075e-16	2.0911568310300055e-09	17.97222222222222	-0.027777777777777776
-1.4448738807166568	-1.0067751797248288	0.0	total	0	-2.4761399815219568e-11	-9.5926798564075e-16	2.0911568310300055e-09	17.97222222222222	-0.027777777777777776
-1.439873880716657	-1.0017751797248289	0.0	total	0	-2.4761399815219568e-11	-9.5926798564075e-16	2.0911568310300055e-09	17.97222222222222	-0.027777777777777776
-1.4348738807166568	-0.9967751797248288	0.0	total	0	-2.4761399815219568e-11	-9.5926798564075e-16	2.0911568310300055e-09	17.97222222222222	-0.027777777777777776
-1.4298738807166569	-0.9917751797248289	0.0	total	0	-2.4761399815219568e-11	-9.5926798564075e-16	2.0911568310300055e-09	17.97222222222222	-0.027777777777777776
-1.4248738807166568	-0.9867751797248288	0.0	total	0	-2.4761399815219568e-11	-9.5926798564075e-16	2.0911568310300055e-09	17.97222222222222	-0.027777777777777776
-1.4198738807166569	-0.9817751797248289	0.0	total	0	-1.2964849596077675e-09	-5.0226421967147753e-14	8.194333961375477e-10	17.98611111111111	-0.013888888888888888
-1.4148738807166568	-0.9767751797248287	0.0	total	0	-1.2964849596077675e-09	-5.0226421967147753e-14	8.194333961375477e-10	17.98611111111111	-0.013888888888888888
-1.4098738807166569	-0.9717751797248289	0.0	total	0	-1.2964849596077675e-09	-5.0226421967147753e-14	8.194333961375477e-10	17.98611111111111	-0.013888888888888888
-1.4048738807166568	-0.9667751797248287	0.0	total	0	-1.2964849596077675e-09	-5.0226421967147753e-14	8.194333961375477e-10	17.98611111111111	-0.013888888888888888
-1.3998738807166569	-0.9617751797248288	0.0	total	0	-1.2964849596077675e-09	-5.0226421967147753e-14	8.194333961375477e-10	17.98611111111111	-0.013888888888888888
-1.3948738807166567	-0.9567751797248287	0.0	total	0	-1.2964849596077675e-09	-5.0226421967147753e-14	8.194333961375477e-10	17.98611111111111	-0.013888888888888888
-1.3898738807166569	-0.9517751797248288	0.0	total	0	-1.2964849596077675e-09	-5.0226421967147753e-14	8.194333961375477e-10	17.98611111111111	-0.013888888888888888
-1.3848738807166567	-0.9467751797248287	0.0	total	0	-1.2964849596077675e-09	-5.0226421967147753e-14	8.194333961375477e-10	17.98611111111111	-0.013888888888888888
-1.3798738807166568	-0.9417751797248288	0.0	total	0	-1.2964849596077675e-09	-5.0226421967147753e-14	8.194333961375477e-10	17.98611111111111	-0.013888888888888888
-1.3748738807166567	-0.9367751797248287	0.0	total	0	-1.2964849596077675e-09	-5.0226421967147753e-14	8.194333961375477e-10	17.98611111111111	-0.013888888888888888
-1.3698738807166568	-0.9317751797248288	0.0	total	0	-1.2964849596077675e-09	-5.0226421967147753e-14	8.194333961375477e-10	17.98611111111111	-0.013888888888888888
-1.3648738807166567	-0.9267751797248287	0.0	total	0	-1.2964849596077675e-09	-5.0226421967147753e-14	8.194333961375477e-10	17.98611111111111	-0.013888888888888888
-1.3598738807166568	-0.9217751797248288	0.0	total	0	-1.2964849596077675e-09	-5.0226421967147753e-14	8.194333961375477e-10	17.98611111111111	-0.013888888888888888
-1.3548738807166567	-0.9167751797248287	0.0	total	0	-1.2964849596077675e-09	-5.0226421967147753e-14	8.194333961375477e-10	17.98611111111111	-0.013888888888888888
-1.3498738807166568	-0.9117751797248288	0.0	total	0	-1.2964849596077675e-09	-5.0226421967147753e-14	8.194333961375477e-10	17.98611111111111	-0.013888888888888888
-1.3448738807166567	-0.9067751797248287	0.0	total	0	-1.2964849596077675e-09	-5.0226421967147753e-14	8.194333961375477e-10	17.98611111111111	-0.013888888888888888
-1.3398738807166568	-0.9017751797248288	0.0	total	0	-1.2964849596077675e-09	-5.0226421967147753e-14	8.194333961375477e-10	17.98611111111111	-0.013888888888888888
-1.334873880716657	-0.8967751797248289	0.0	total	0	-1.2964849596077675e-09	-5.0226421967147753e-14	8.194333961375477e-10	17.98611111111111	-0.013888888888888888
-1.3298738807166568	-0.8917751797248288	0.0	total	0	-1.2964849596077675e-09	-5.0226421967147753e-14	8.194333961375477e-10	17.98611111111111	-0.013888888888888888
-1.3248738807166567	-0.8867751797248287	0.0	total	0	-1.2964849596077675e-09	-5.0226421967147753e-14	8.194333961375477e-10	17.98611111111111	-0.013888888888888888
-1.3198738807166568	-0.8817751797248288	0.0	total	0	-1.2964849596077675e-09	-5.0226421967147753e-14	8.194333961375477e-10	17.98611111111111	-0.013888888888888888
-1.314873880716657	-0.8767751797248289	0.0	total	0	-1.2964850725643191e-09	-5.0226426343136366e-14	8.194333961375477e-10	17.98611111111111	-0.013888888888888888
-1.3098738807166568	-0.8717751797248288	0.0	total	0	-1.2964850725643191e-09	-5.0226426343136366e-14	8.194333961375477e-10	17.98611111111111	-0.013888888888888888
-1.3048738807166567	-0.8667751797248286	0.0	total	0	-1.2964850725643191e-09	-5.0226426343136366e-14	8.194333961375477e-10	17.98611111111111	-0.013888888888888888
-1.2998738807166568	-0.8617751797248288	0.0	total	0	-1.2964850725643191e-09	-5.0226426343136366e-14	8.194333961375477e-10	17.98611111111111	-0.013888888888888888
-1.2948738807166569	-0.8567751797248289	0.0	total	0	-1.2964850725643191e-09	-5.0226426343136366e-14	8.194333961375477e-10	17.98611111111111	-0.013888888888888888
-1.2898738807166568	-0.8517751797248287	0.0	total	0	-1.2964850725643191e-09	-5.0226426343136366e-14	8.194333961375477e-10	17.98611111111111	-0.013888888888888888
-1.2848738807166569	-0.8467751797248289	0.0	total	0	-1.2964850725643191e-09	-5.0226426343136366e-14	8.194333961375477e-10	17.98611111111111	-0.013888888888888888
-1.2798738807166568	-0.8417751797248287	0.0	total	0	-1.2964850725643191e-09	-5.0226426343136366e-14	8.194333961375477e-10	17.98611111111111	-0.013888888888888888
-1.2748738807166569	-0.8367751797248288	0.0	total	0	-2.1159184825796547e-09	-8.197165247970532e-14	0.0	18.0	0.0
-1.2698738807166567	-0.8317751797248287	0.0	total	0	-2.1159184825796547e-09	-8.197165247970532e-14	0.0	18.0	0.0
-1.2648738807166569	-0.8267751797248288	0.0	total	0	-2.1159184825796547e-09	-8.197165247970532e-14	0.0	18.0	0.0
-1.2598738807166567	-0.8217751797248287	0.0	total	0	-2.1159184825796547e-09	-8.197165247970532e-14	0.0	18.0	0.0
-1.2548738807166568	-0.8167751797248288	0.0	total	0	-2.1159184825796547e-09	-8.197165247970532e-14	0.0	18.0	0.0
-1.2498738807166567	-0.8117751797248287	0.0	total	0	-2.1159184825796547e-09	-8.197165247970532e-14	0.0	18.0	0.0
-1.2448738807166568	-0.8067751797248288	0.0	total	0	-2.1159184825796547e-09	-8.197165247970532e-14	0.0	18.0	0.0
-1.2398738807166567	-0.8017751797248287	0.0	total	0	-2.1159184825796547e-09	-8.197165247970532e-14	0.0	18.0	0.0
-1.2348738807166568	-0.7967751797248288	0.0	total	0	-2.1159184825796547e-09	-8.197165247970532e-14	0.0	18.0	0.0
-1.2298738807166567	-0.7917751797248287	0.0	total	0	-2.1159184825796547e-09	-8.197165247970532e-14	0.0	18.0	0.0
-1.2248738807166568	-0.7867751797248288	0.0	total	0	-2.1159184825796547e-09	-8.197165247970532e-14	0.0	18.0	0.0
-1.2198738807166567	-0.7817751797248287	0.0	total	0	-2.1159184825796547e-09	-8.197165247970532e-14	0.0	18.0	0.0
-1.2148738807166568	-0.7767751797248288	0.0	total	0	-2.1159184825796547e-09	-8.197165247970532e-14	0.0	18.0	0.0
-1.2098738807166567	-0.7717751797248287	0.0	total	0	-2.1159184825796547e-09	-8.197165247970532e-14	0.0	18.0	0.0
-1.2048738807166568	-0.7667751797248288	0.0	total	0	-2.1159184825796547e-09	-8.197165247970532e-14	0.0	18.0	0.0
-1.1998738807166567	-0.7617751797248287	0.0	total	0	-2.1159184825796547e-09	-8.197165247970532e-14	0.0	18.0	0.0
-1.1948738807166568	-0.7567751797248288	0.0	total	0	-2.1159184825796547e-09	-8.197165247970532e-14	0.0	18.0	0.0
-1.189873880716657	-0.7517751797248289	0.0	total	0	-2.1159184825796547e-09	-8.197165247970532e-14	0.0	18.0	0.0
-1.1848738807166568	-0.7467751797248288	0.0	total	0	-2.1159184825796547e-09	-8.197165247970532e-14	0.0	18.0	0.0
-1.1798738807166567	-0.7417751797248286	0.0	total	0	-2.1159184825796547e-09	-8.197165247970532e-14	0.0	18.0	0.0
-1.1748738807166568	-0.7367751797248288	0.0	total	0	-2.1159184825796547e-09	-8.197165247970532e-14	0.0	18.0	0.0
-1.4748738807166568	-1.0367751797248288	0.0	K	0	0.2124020498590953	8.228552829596713e-06	-0.15389801797863709	1.5694444444444446	-0.055555555555555566
-1.469873880716657	-1.031775179724829	0.0	K	0	0.2124020498590953	8.228552829596713e-06	-0.15389801797863709	1.5694444444444446	-0.055555555555555566
-1.4648738807166568	-1.0267751797248288	0.0	K	0	0.2124020498590953	8.228552829596713e-06	-0.15389801797863709	1.5694444444444446	-0.055555555555555566
-1.459873880716657	-1.021775179724829	0.0	K	0	0.3044222520621689	1.179345766794679e-05	-0.06187781577556356	1.6111111111111112	-0.013888888888888888
-1.4548738807166568	-1.0167751797248288	0.0	K	0	0.3044222520621689	1.179345766794679e-05	-0.06187781577556356	1.6111111111111112	-0.013888888888888888
-1.449873880716657	-1.0117751797248289	0.0	K	0	0.3044222520621689	1.179345766794679e-05	-0.06187781577556356	1.6111111111111112	-0.013888888888888888
-1.4448738807166568	-1.0067751797248288	0.0	K	0	0.3044222520621689	1.179345766794679e-05	-0.06187781577556356	1.6111111111111112	-0.013888888888888888
-1.439873880716657	-1.0017751797248289	0.0	K	0	0.3044222520621689	1.179345766794679e-05	-0.06187781577556356	1.6111111111111112	-0.013888888888888888
-1.4348738807166568	-0.9967751797248288	0.0	K	0	0.3044222520621689	1.179345766794679e-05	-0.06187781577556356	1.6111111111111112	-0.013888888888888888
-1.4298738807166569	-0.9917751797248289	0.0	K	0	0.3044222520621689	1.179345766794679e-05	-0.06187781577556356	1.6111111111111112	-0.013888888888888888
-1.4248738807166568	-0.9867751797248288	0.0	K	0	0.3044222520621689	1.179345766794679e-05	-0.06187781577556356	1.6111111111111112	-0.013888888888888888
-1.4198738807166569	-0.9817751797248289	0.0	K	0	0.3323813483601491	1.2876605881950998e-05	-0.0339187194775833	1.6180555555555556	-0.006944444444444444
-1.4148738807166568	-0.9767751797248287	0.0	K	0	0.3323813483601491	1.2876605881950998e-05	-0.0339187194775833	1.6180555555555556	-0.006944444444444444
-1.4098738807166569	-0.9717751797248289	0.0	K	0	0.3323813483601491	1.2876605881950998e-05	-0.0339187194775833	1.6180555555555556	-0.006944444444444444
-1.4048738807166568	-0.9667751797248287	0.0	K	0	0.3323813483601491	1.2876605881950998e-05	-0.0339187194775833	1.6180555555555556	-0.006944444444444444
-1.3998738807166569	-0.9617751797248288	0.0	K	0	0.3323813483601491	1.2876605881950998e-05	-0.0339187194775833	1.6180555555555556	-0.006944444444444444
-1.3948738807166567	-0.9567751797248287	0.0	K	0	0.3323813483601491	1.2876605881950998e-05	-0.0339187194775833	1.6180555555555556	-0.006944444444444444
-1.3898738807166569	-0.9517751797248288	0.0	K	0	0.3323813483601491	1.2876605881950998e-05	-0.0339187194775833	1.6180555555555556	-0.006944444444444444
-1.3848738807166567	-0.9467751797248287	0.0	K	0	0.3323813483601491	1.2876605881950998e-05	-0.0339187194775833	1.6180555555555556	-0.006944444444444444
-1.3798738807166568	-0.9417751797248288	0.0	K	0	0.3323813483601491	1.2876605881950998e-05	-0.0339187194775833	1.6180555555555556	-0.006944444444444444
-1.3748738807166567	-0.9367751797248287	0.0	K	0	0.3323813483601491	1.2876605881950998e-05	-0.0339187194775833	1.6180555555555556	-0.006944444444444444
-1.3698738807166568	-0.9317751797248288	0.0	K	0	0.3323813483601491	1.2876605881950998e-05	-0.0339187194775833	1.6180555555555556	-0.006944444444444444
-1.3648738807166567	-0.9267751797248287	0.0	K	0	0.3323813483601491	1.2876605881950998e-05	-0.0339187194775833	1.6180555555555556	-0.006944444444444444
-1.3598738807166568	-0.9217751797248288	0.0	K	0	0.3323813483601491	1.2876605881950998e-05	-0.0339187194775833	1.6180555555555556	-0.006944444444444444
-1.3548738807166567	-0.9167751797248287	0.0	K	0	0.3323813483601491	1.2876605881950998e-05	-0.0339187194775833	1.6180555555555556	-0.006944444444444444
-1.3498738807166568	-0.9117751797248288	0.0	K	0	0.3323813483601491	1.2876605881950998e-05	-0.0339187194775833	1.6180555555555556	-0.006944444444444444
-1.3448738807166567	-0.9067751797248287	0.0	K	0	0.3323813483601491	1.2876605881950998e-05	-0.0339187194775833	1.6180555555555556	-0.006944444444444444
-1.3398738807166568	-0.9017751797248288	0.0	K	0	0.3323813483601491	1.2876605881950998e-05	-0.0339187194775833	1.6180555555555556	-0.006944444444444444
-1.334873880716657	-0.8967751797248289	0.0	K	0	0.3323813483601491	1.2876605881950998e-05	-0.0339187194775833	1.6180555555555556	-0.006944444444444444
-1.3298738807166568	-0.8917751797248288	0.0	K	0	0.3323813483601491	1.2876605881950998e-05	-0.0339187194775833	1.6180555555555556	-0.006944444444444444
-1.3248738807166567	-0.8867751797248287	0.0	K	0	0.3323813483601491	1.2876605881950998e-05	-0.0339187194775833	1.6180555555555556	-0.006944444444444444
-1.3198738807166568	-0.8817751797248288	0.0	K	0	0.3323813483601491	1.2876605881950998e-05	-0.0339187194775833	1.6180555555555556	-0.006944444444444444
-1.314873880716657	-0.8767751797248289	0.0	K	0	0.33238134836014904	1.2876605881950996e-05	-0.0339187194775833	1.6180555555555556	-0.006944444444444444
-1.3098738807166568	-0.8717751797248288	0.0	K	0	0.33238134836014904	1.2876605881950996e-05	-0.0339187194775833	1.6180555555555556	-0.006944444444444444
-1.3048738807166567	-0.8667751797248286	0.0	K	0	0.33238134836014904	1.2876605881950996e-05	-0.0339187194775833	1.6180555555555556	-0.006944444444444444
-1.2998738807166568	-0.8617751797248288	0.0	K	0	0.33238134836014904	1.2876605881950996e-05	-0.0339187194775833	1.6180555555555556	-0.006944444444444444
-1.2948738807166569	-0.8567751797248289	0.0	K	0	0.33238134836014904	1.2876605881950996e-05	-0.0339187194775833	1.6180555555555556	-0.006944444444444444
-1.2898738807166568	-0.8517751797248287	0.0	K	0	0.33238134836014904	1.2876605881950996e-05	-0.0339187194775833	1.6180555555555556	-0.006944444444444444
-1.2848738807166569	-0.8467751797248289	0.0	K	0	0.33238134836014904	1.2876605881950996e-05	-0.0339187194775833	1.6180555555555556	-0.006944444444444444
-1.2798738807166568	-0.8417751797248287	0.0	K	0	0.33238134836014904	1.2876605881950996e-05	-0.0339187194775833	1.6180555555555556	-0.006944444444444444
-1.2748738807166569	-0.8367751797248288	0.0	K	0	0.3663000678377324	1.4190632631310139e-05	0.0	1.625	0.0
-1.2698738807166567	-0.8317751797248287	0.0	K	0	0.3663000678377324	1.4190632631310139e-05	0.0	1.625	0.0
-1.2648738807166569	-0.8267751797248288	0.0	K	0	0.3663000678377324	1.4190632631310139e-05	0.0	1.625	0.0
-1.2598738807166567	-0.8217751797248287	0.0	K	0	0.3663000678377324	1.4190632631310139e-05	0.0	1.625	0.0
-1.2548738807166568	-0.8167751797248288	0.0	K	0	0.3663000678377324	1.4190632631310139e-05	0.0	1.625	0.0
-1.2498738807166567	-0.8117751797248287	0.0	K	0	0.3663000678377324	1.4190632631310139e-05	0.0	1.625	0.0
-1.2448738807166568	-0.8067751797248288	0.0	K	0	0.3663000678377324	1.4190632631310139e-05	0.0	1.625	0.0
-1.2398738807166567	-0.8017751797248287	0.0	K	0	0.3663000678377324	1.4190632631310139e-05	0.0	1.625	0.0
-1.2348738807166568	-0.7967751797248288	0.0	K	0	0.3663000678377324	1.4190632631310139e-05	0.0	1.625	0.0
-1.2298738807166567	-0.7917751797248287	0.0	K	0	0.3663000678377324	1.4190632631310139e-05	0.0	1.625	0.0
-1.2248738807166568	-0.7867751797248288	0.0	K	0	0.3663000678377324	1.4190632631310139e-05	0.0	1.625	0.0
-1.2198738807166567	-0.7817751797248287	0.0	K	0	0.3663000678377324	1.4190632631310139e-05	0.0	1.625	0.0
-1.2148738807166568	-0.7767751797248288	0.0	K	0	0.3663000678377324	1.4190632631310139e-05	0.0	1.625	0.0
-1.2098738807166567	-0.7717751797248287	0.0	K	0	0.3663000678377324	1.4190632631310139e-05	0.0	1.625	0.0
-1.2048738807166568	-0.7667751797248288	0.0	K	0	0.3663000678377324	1.4190632631310139e-05	0.0	1.625	0.0
-1.1998738807166567	-0.7617751797248287	0.0	K	0	0.3663000678377324	1.4190632631310139e-05	0.0	1.625	0.0
-1.1948738807166568	-0.7567751797248288	0.0	K	0	0.3663000678377324	1.4190632631310139e-05	0.0	1.625	0.0
-1.189873880716657	-0.7517751797248289	0.0	K	0	0.3663000678377324	1.4190632631310139e-05	0.0	1.625	0.0
-1.1848738807166568	-0.7467751797248288	0.0	K	0	0.3663000678377324	1.4190632631310139e-05	0.0	1.625	0.0
-1.1798738807166567	-0.7417751797248286	0.0	K	0	0.3663000678377324	1.4190632631310139e-05	0.0	1.625	0.0
-1.1748738807166568	-0.7367751797248288	0.0	K	0	0.3663000678377324	1.4190632631310139e-05	0.0	1.625	0.0
-1.4748738807166568	-1.0367751797248288	0.0	Kprime	0	-0.21240204785453362	-8.228552751939074e-06	0.15389802150871992	1.5694444444444446	-0.055555555555555566
-1.469873880716657	-1.031775179724829	0.0	Kprime	0	-0.21240204785453362	-8.228552751939074e-06	0.15389802150871992	1.5694444444444446	-0.055555555555555566
-1.4648738807166568	-1.0267751797248288	0.0	Kprime	0	-0.21240204785453362	-8.228552751939074e-06	0.15389802150871992	1.5694444444444446	-0.055555555555555566
-1.459873880716657	-1.021775179724829	0.0	Kprime	0	-0.3044222514965332	-1.1793457646033803e-05	0.06187781786672039	1.6111111111111112	-0.013888888888888888
-1.4548738807166568	-1.0167751797248288	0.0	Kprime	0	-0.3044222514965332	-1.1793457646033803e-05	0.06187781786672039	1.6111111111111112	-0.013888888888888888
-1.449873880716657	-1.0117751797248289	0.0	Kprime	0	-0.3044222514965332	-1.1793457646033803e-05	0.06187781786672039	1.6111111111111112	-0.013888888888888888
-1.4448738807166568	-1.0067751797248288	0.0	Kprime	0	-0.3044222514965332	-1.1793457646033803e-05	0.06187781786672039	1.6111111111111112	-0.013888888888888888
-1.439873880716657	-1.0017751797248289	0.0	Kprime	0	-0.3044222514965332	-1.1793457646033803e-05	0.06187781786672039	1.6111111111111112	-0.013888888888888888
-1.4348738807166568	-0.9967751797248288	0.0	Kprime	0	-0.3044222514965332	-1.1793457646033803e-05	0.06187781786672039	1.6111111111111112	-0.013888888888888888
-1.4298738807166569	-0.9917751797248289	0.0	Kprime	0	-0.3044222514965332	-1.1793457646033803e-05	0.06187781786672039	1.6111111111111112	-0.013888888888888888
-1.4248738807166568	-0.9867751797248288	0.0	Kprime	0	-0.3044222514965332	-1.1793457646033803e-05	0.06187781786672039	1.6111111111111112	-0.013888888888888888
-1.4198738807166569	-0.9817751797248289	0.0	Kprime	0	-0.33238134906623684	-1.2876605909305161e-05	0.033918720297016695	1.6180555555555556	-0.006944444444444444
-1.4148738807166568	-0.9767751797248287	0.0	Kprime	0	-0.33238134906623684	-1.2876605909305161e-05	0.033918720297016695	1.6180555555555556	-0.006944444444444444
-1.4098738807166569	-0.9717751797248289	0.0	Kprime	0	-0.33238134906623684	-1.2876605909305161e-05	0.033918720297016695	1.6180555555555556	-0.006944444444444444
-1.4048738807166568	-0.9667751797248287	0.0	Kprime	0	-0.33238134906623684	-1.2876605909305161e-05	0.033918720297016695	1.6180555555555556	-0.006944444444444444
-1.3998738807166569	-0.9617751797248288	0.0	Kprime	0	-0.33238134906623684	-1.2876605909305161e-05	0.033918720297016695	1.6180555555555556	-0.006944444444444444
-1.3948738807166567	-0.9567751797248287	0.0	Kprime	0	-0.33238134906623684	-1.2876605909305161e-05	0.033918720297016695	1.6180555555555556	-0.006944444444444444
-1.3898738807166569	-0.9517751797248288	0.0	Kprime	0	-0.33238134906623684	-1.2876605909305161e-05	0.033918720297016695	1.6180555555555556	-0.006944444444444444
-1.3848738807166567	-0.9467751797248287	0.0	Kprime	0	-0.33238134906623684	-1.2876605909305161e-05	0.033918720297016695	1.6180555555555556	-0.006944444444444444
-1.3798738807166568	-0.9417751797248288	0.0	Kprime	0	-0.33238134906623684	-1.2876605909305161e-05	0.033918720297016695	1.6180555555555556	-0.006944444444444444
-1.3748738807166567	-0.9367751797248287	0.0	Kprime	0	-0.33238134906623684	-1.2876605909305161e-05	0.033918720297016695	1.6180555555555556	-0.006944444444444444
-1.3698738807166568	-0.9317751797248288	0.0	Kprime	0	-0.33238134906623684	-1.2876605909305161e-05	0.033918720297016695	1.6180555555555556	-0.006944444444444444
-1.3648738807166567	-0.9267751797248287	0.0	Kprime	0	-0.33238134906623684	-1.2876605909305161e-05	0.033918720297016695	1.6180555555555556	-0.006944444444444444
-1.3598738807166568	-0.9217751797248288	0.0	Kprime	0	-0.33238134906623684	-1.2876605909305161e-05	0.033918720297016695	1.6180555555555556	-0.006944444444444444
-1.3548738807166567	-0.9167751797248287	0.0	Kprime	0	-0.33238134906623684	-1.2876605909305161e-05	0.033918720297016695	1.6180555555555556	-0.006944444444444444
-1.3498738807166568	-0.9117751797248288	0.0	Kprime	0	-0.33238134906623684	-1.2876605909305161e-05	0.033918720297016695	1.6180555555555556	-0.006944444444444444
-1.3448738807166567	-0.9067751797248287	0.0	Kprime	0	-0.33238134906623684	-1.2876605909305161e-05	0.033918720297016695	1.6180555555555556	-0.006944444444444444
-1.3398738807166568	-0.9017751797248288	0.0	Kprime	0	-0.33238134906623684	-1.2876605909305161e-05	0.033918720297016695	1.6180555555555556	-0.006944444444444444
-1.334873880716657	-0.8967751797248289	0.0	Kprime	0	-0.33238134906623684	-1.2876605909305161e-05	0.033918720297016695	1.6180555555555556	-0.006944444444444444
-1.3298738807166568	-0.8917751797248288	0.0	Kprime	0	-0.33238134906623684	-1.2876605909305161e-05	0.033918720297016695	1.6180555555555556	-0.006944444444444444
-1.3248738807166567	-0.8867751797248287	0.0	Kprime	0	-0.33238134906623684	-1.2876605909305161e-05	0.033918720297016695	1.6180555555555556	-0.006944444444444444
-1.3198738807166568	-0.8817751797248288	0.0	Kprime	0	-0.33238134906623684	-1.2876605909305161e-05	0.033918720297016695	1.6180555555555556	-0.006944444444444444
-1.314873880716657	-0.8767751797248289	0.0	Kprime	0	-0.33238134906623684	-1.2876605909305161e-05	0.033918720297016695	1.6180555555555556	-0.006944444444444444
-1.3098738807166568	-0.8717751797248288	0.0	Kprime	0	-0.33238134906623684	-1.2876605909305161e-05	0.033918720297016695	1.6180555555555556	-0.006944444444444444
-1.3048738807166567	-0.8667751797248286	0.0	Kprime	0	-0.33238134906623684	-1.2876605909305161e-05	0.033918720297016695	1.6180555555555556	-0.006944444444444444
-1.2998738807166568	-0.8617751797248288	0.0	Kprime	0	-0.33238134906623684	-1.2876605909305161e-05	0.033918720297016695	1.6180555555555556	-0.006944444444444444
-1.2948738807166569	-0.8567751797248289	0.0	Kprime	0	-0.33238134906623684	-1.2876605909305161e-05	0.033918720297016695	1.6180555555555556	-0.006944444444444444
-1.2898738807166568	-0.8517751797248287	0.0	Kprime	0	-0.33238134906623684	-1.2876605909305161e-05	0.033918720297016695	1.6180555555555556	-0.006944444444444444
-1.2848738807166569	-0.8467751797248289	0.0	Kprime	0	-0.33238134906623684	-1.2876605909305161e-05	0.033918720297016695	1.6180555555555556	-0.006944444444444444
-1.2798738807166568	-0.8417751797248287	0.0	Kprime	0	-0.33238134906623684	-1.2876605909305161e-05	0.033918720297016695	1.6180555555555556	-0.006944444444444444
-1.2748738807166569	-0.8367751797248288	0.0	Kprime	0	-0.36630006936325366	-1.4190632690409532e-05	0.0	1.625	0.0
-1.2698738807166567	-0.8317751797248287	0.0	Kprime	0	-0.36630006936325366	-1.4190632690409532e-05	0.0	1.625	0.0
-1.2648738807166569	-0.8267751797248288	0.0	Kprime	0	-0.36630006936325366	-1.4190632690409532e-05	0.0	1.625	0.0
-1.2598738807166567	-0.8217751797248287	0.0	Kprime	0	-0.36630006936325366	-1.4190632690409532e-05	0.0	1.625	0.0
-1.2548738807166568	-0.8167751797248288	0.0	Kprime	0	-0.36630006936325366	-1.4190632690409532e-05	0.0	1.625	0.0
-1.2498738807166567	-0.8117751797248287	0.0	Kprime	0	-0.36630006936325366	-1.4190632690409532e-05	0.0	1.625	0.0
-1.2448738807166568	-0.8067751797248288	0.0	Kprime	0	-0.36630006936325366	-1.4190632690409532e-05	0.0	1.625	0.0
-1.2398738807166567	-0.8017751797248287	0.0	Kprime	0	-0.36630006936325366	-1.4190632690409532e-05	0.0	1.625	0.0
-1.2348738807166568	-0.7967751797248288	0.0	Kprime	0	-0.36630006936325366	-1.4190632690409532e-05	0.0	1.625	0.0
-1.2298738807166567	-0.7917751797248287	0.0	Kprime	0	-0.36630006936325366	-1.4190632690409532e-05	0.0	1.625	0.0
-1.2248738807166568	-0.7867751797248288	0.0	Kprime	0	-0.36630006936325366	-1.4190632690409532e-05	0.0	1.625	0.0
-1.2198738807166567	-0.7817751797248287	0.0	Kprime	0	-0.36630006936325366	-1.4190632690409532e-05	0.0	1.625	0.0
-1.2148738807166568	-0.7767751797248288	0.0	Kprime	0	-0.36630006936325366	-1.4190632690409532e-05	0.0	1.625	0.0
-1.2098738807166567	-0.7717751797248287	0.0	Kprime	0	-0.36630006936325366	-1.4190632690409532e-05	0.0	1.625	0.0
-1.2048738807166568	-0.7667751797248288	0.0	Kprime	0	-0.36630006936325366	-1.4190632690409532e-05	0.0	1.625	0.0
-1.1998738807166567	-0.7617751797248287	0.0	Kprime	0	-0.36630006936325366	-1.4190632690409532e-05	0.0	1.625	0.0
-1.1948738807166568	-0.7567751797248288	0.0	Kprime	0	-0.36630006936325366	-1.4190632690409532e-05	0.0	1.625	0.0
-1.189873880716657	-0.7517751797248289	0.0	Kprime	0	-0.36630006936325366	-1.4190632690409532e-05	0.0	1.625	0.0
-1.1848738807166568	-0.7467751797248288	0.0	Kprime	0	-0.36630006936325366	-1.4190632690409532e-05	0.0	1.625	0.0
-1.1798738807166567	-0.7417751797248286	0.0	Kprime	0	-0.36630006936325366	-1.4190632690409532e-05	0.0	1.625	0.0
-1.1748738807166568	-0.7367751797248288	0.0	Kprime	0	-0.36630006936325366	-1.4190632690409532e-05	0.0	1.625	0.0
-1.4748738807166568	-1.0367751797248288	0.0	rest	0	-5.90396910467249e-10	-2.2872247096641706e-14	0.0	14.75	0.0
-1.469873880716657	-1.031775179724829	0.0	rest	0	-5.90396910467249e-10	-2.2872247096641706e-14	0.0	14.75	0.0
-1.4648738807166568	-1.0267751797248288	0.0	rest	0	-5.90396910467249e-10	-2.2872247096641706e-14	0.0	14.75	0.0
-1.459873880716657	-1.021775179724829	0.0	rest	0	-5.90396910467249e-10	-2.2872247096641706e-14	0.0	14.75	0.0
-1.4548738807166568	-1.0167751797248288	0.0	rest	0	-5.90396910467249e-10	-2.2872247096641706e-14	0.0	14.75	0.0
-1.449873880716657	-1.0117751797248289	0.0	rest	0	-5.90396910467249e-10	-2.2872247096641706e-14	0.0	14.75	0.0
-1.4448738807166568	-1.0067751797248288	0.0	rest	0	-5.90396910467249e-10	-2.2872247096641706e-14	0.0	14.75	0.0
-1.439873880716657	-1.0017751797248289	0.0	rest	0	-5.90396910467249e-10	-2.2872247096641706e-14	0.0	14.75	0.0
-1.4348738807166568	-0.9967751797248288	0.0	rest	0	-5.90396910467249e-10	-2.2872247096641706e-14	0.0	14.75	0.0
-1.4298738807166569	-0.9917751797248289	0.0	rest	0	-5.90396910467249e-10	-2.2872247096641706e-14	0.0	14.75	0.0
-1.4248738807166568	-0.9867751797248288	0.0	rest	0	-5.90396910467249e-10	-2.2872247096641706e-14	0.0	14.75	0.0
-1.4198738807166569	-0.9817751797248289	0.0	rest	0	-5.90396910467249e-10	-2.2872247096641706e-14	0.0	14.75	0.0
-1.4148738807166568	-0.9767751797248287	0.0	rest	0	-5.90396910467249e-10	-2.2872247096641706e-14	0.0	14.75	0.0
-1.4098738807166569	-0.9717751797248289	0.0	rest	0	-5.90396910467249e-10	-2.2872247096641706e-14	0.0	14.75	0.0
-1.4048738807166568	-0.9667751797248287	0.0	rest	0	-5.90396910467249e-10	-2.2872247096641706e-14	0.0	14.75	0.0
-1.3998738807166569	-0.9617751797248288	0.0	rest	0	-5.90396910467249e-10	-2.2872247096641706e-14	0.0	14.75	0.0
-1.3948738807166567	-0.9567751797248287	0.0	rest	0	-5.90396910467249e-10	-2.2872247096641706e-14	0.0	14.75	0.0
-1.3898738807166569	-0.9517751797248288	0.0	rest	0	-5.90396910467249e-10	-2.2872247096641706e-14	0.0	14.75	0.0
-1.3848738807166567	-0.9467751797248287	0.0	rest	0	-5.90396910467249e-10	-2.2872247096641706e-14	0.0	14.75	0.0
-1.3798738807166568	-0.9417751797248288	0.0	rest	0	-5.90396910467249e-10	-2.2872247096641706e-14	0.0	14.75	0.0
-1.3748738807166567	-0.9367751797248287	0.0	rest	0	-5.90396910467249e-10	-2.2872247096641706e-14	0.0	14.75	0.0
-1.3698738807166568	-0.9317751797248288	0.0	rest	0	-5.90396910467249e-10	-2.2872247096641706e-14	0.0	14.75	0.0
-1.3648738807166567	-0.9267751797248287	0.0	rest	0	-5.90396910467249e-10	-2.2872247096641706e-14	0.0	14.75	0.0
-1.3598738807166568	-0.9217751797248288	0.0	rest	0	-5.90396910467249e-10	-2.2872247096641706e-14	0.0	14.75	0.0
-1.3548738807166567	-0.9167751797248287	0.0	rest	0	-5.90396910467249e-10	-2.2872247096641706e-14	0.0	14.75	0.0
-1.3498738807166568	-0.9117751797248288	0.0	rest	0	-5.90396910467249e-10	-2.2872247096641706e-14	0.0	14.75	0.0
-1.3448738807166567	-0.9067751797248287	0.0	rest	0	-5.90396910467249e-10	-2.2872247096641706e-14	0.0	14.75	0.0
-1.3398738807166568	-0.9017751797248288	0.0	rest	0	-5.90396910467249e-10	-2.2872247096641706e-14	0.0	14.75	0.0
-1.334873880716657	-0.8967751797248289	0.0	rest	0	-5.90396910467249e-10	-2.2872247096641706e-14	0.0	14.75	0.0
-1.3298738807166568	-0.8917751797248288	0.0	rest	0	-5.90396910467249e-10	-2.2872247096641706e-14	0.0	14.75	0.0
-1.3248738807166567	-0.8867751797248287	0.0	rest	0	-5.90396910467249e-10	-2.2872247096641706e-14	0.0	14.75	0.0
-1.3198738807166568	-0.8817751797248288	0.0	rest	0	-5.90396910467249e-10	-2.2872247096641706e-14	0.0	14.75	0.0
-1.314873880716657	-0.8767751797248289	0.0	rest	0	-5.903969401570736e-10	-2.2872248246839128e-14	0.0	14.75	0.0
-1.3098738807166568	-0.8717751797248288	0.0	rest	0	-5.903969401570736e-10	-2.2872248246839128e-14	0.0	14.75	0.0
-1.3048738807166567	-0.8667751797248286	0.0	rest	0	-5.903969401570736e-10	-2.2872248246839128e-14	0.0	14.75	0.0
-1.2998738807166568	-0.8617751797248288	0.0	rest	0	-5.903969401570736e-10	-2.2872248246839128e-14	0.0	14.75	0.0
-1.2948738807166569	-0.8567751797248289	0.0	rest	0	-5.903969401570736e-10	-2.2872248246839128e-14	0.0	14.75	0.0
-1.2898738807166568	-0.8517751797248287	0.0	rest	0	-5.903969401570736e-10	-2.2872248246839128e-14	0.0	14.75	0.0
-1.2848738807166569	-0.8467751797248289	0.0	rest	0	-5.903969401570736e-10	-2.2872248246839128e-14	0.0	14.75	0.0
-1.2798738807166568	-0.8417751797248287	0.0	rest	0	-5.903969401570736e-10	-2.2872248246839128e-14	0.0	14.75	0.0
-1.2748738807166569	-0.8367751797248288	0.0	rest	0	-5.903969401570736e-10	-2.2872248246839128e-14	0.0	14.75	0.0
-1.2698738807166567	-0.8317751797248287	0.0	rest	0	-5.903969401570736e-10	-2.2872248246839128e-14	0.0	14.75	0.0
-1.2648738807166569	-0.8267751797248288	0.0	rest	0	-5.903969401570736e-10	-2.2872248246839128e-14	0.0	14.75	0.0
-1.2598738807166567	-0.8217751797248287	0.0	rest	0	-5.903969401570736e-10	-2.2872248246839128e-14	0.0	14.75	0.0
-1.2548738807166568	-0.8167751797248288	0.0	rest	0	-5.903969401570736e-10	-2.2872248246839128e-14	0.0	14.75	0.0
-1.2498738807166567	-0.8117751797248287	0.0	rest	0	-5.903969401570736e-10	-2.2872248246839128e-14	0.0	14.75	0.0
-1.2448738807166568	-0.8067751797248288	0.0	rest	0	-5.903969401570736e-10	-2.2872248246839128e-14	0.0	14.75	0.0
-1.2398738807166567	-0.8017751797248287	0.0	rest	0	-5.903969401570736e-10	-2.2872248246839128e-14	0.0	14.75	0.0
-1.2348738807166568	-0.7967751797248288	0.0	rest	0	-5.903969401570736e-10	-2.2872248246839128e-14	0.0	14.75	0.0
-1.2298738807166567	-0.7917751797248287	0.0	rest	0	-5.903969401570736e-10	-2.2872248246839128e-14	0.0	14.75	0.0
-1.2248738807166568	-0.7867751797248288	0.0	rest	0	-5.903969401570736e-10	-2.2872248246839128e-14	0.0	14.75	0.0
-1.2198738807166567	-0.7817751797248287	0.0	rest	0	-5.903969401570736e-10	-2.2872248246839128e-14	0.0	14.75	0.0
-1.2148738807166568	-0.7767751797248288	0.0	rest	0	-5.903969401570736e-10	-2.2872248246839128e-14	0.0	14.75	0.0
-1.2098738807166567	-0.7717751797248287	0.0	rest	0	-5.903969401570736e-10	-2.2872248246839128e-14	0.0	14.75	0.0
-1.2048738807166568	-0.7667751797248288	0.0	rest	0	-5.903969401570736e-10	-2.2872248246839128e-14	0.0	14.75	0.0
-1.1998738807166567	-0.7617751797248287	0.0	rest	0	-5.903969401570736e-10	-2.2872248246839128e-14	0.0	14.75	0.0
-1.1948738807166568	-0.7567751797248288	0.0	rest	0	-5.903969401570736e-10	-2.2872248246839128e-14	0.0	14.75	0.0
-1.189873880716657	-0.7517751797248289	0.0	rest	0	-5.903969401570736e-10	-2.2872248246839128e-14	0.0	14.75	0.0
-1.1848738807166568	-0.7467751797248288	0.0	rest	0	-5.903969401570736e-10	-2.2872248246839128e-14	0.0	14.75	0.0
-1.1798738807166567	-0.7417751797248286	0.0	rest	0	-5.903969401570736e-10	-2.2872248246839128e-14	0.0	14.75	0.0
-1.1748738807166568	-0.7367751797248288	0.0	rest	0	-5.903969401570736e-10	-2.2872248246839128e-14	0.0	14.75	0.0
-1.4748738807166568	-1.0367751797248288	0.0	valley	0	0.424804097713629	1.6457105581535792e-05	-0.30779603948735706	0.0	3.469446951953614e-18
-1.469873880716657	-1.031775179724829	0.0	valley	0	0.424804097713629	1.6457105581535792e-05	-0.30779603948735706	0.0	3.469446951953614e-18
-1.4648738807166568	-1.0267751797248288	0.0	valley	0	0.424804097713629	1.6457105581535792e-05	-0.30779603948735706	0.0	3.469446951953614e-18
-1.459873880716657	-1.021775179724829	0.0	valley	0	0.608844503558702	2.358691531398059e-05	-0.12375563364228395	0.0	0.0
-1.4548738807166568	-1.0167751797248288	0.0	valley	0	0.608844503558702	2.358691531398059e-05	-0.12375563364228395	0.0	0.0
-1.449873880716657	-1.0117751797248289	0.0	valley	0	0.608844503558702	2.358691531398059e-05	-0.12375563364228395	0.0	0.0
-1.4448738807166568	-1.0067751797248288	0.0	valley	0	0.608844503558702	2.358691531398059e-05	-0.12375563364228395	0.0	0.0
-1.439873880716657	-1.0017751797248289	0.0	valley	0	0.608844503558702	2.358691531398059e-05	-0.12375563364228395	0.0	0.0
-1.4348738807166568	-0.9967751797248288	0.0	valley	0	0.608844503558702	2.358691531398059e-05	-0.12375563364228395	0.0	0.0
-1.4298738807166569	-0.9917751797248289	0.0	valley	0	0.608844503558702	2.358691531398059e-05	-0.12375563364228395	0.0	0.0
-1.4248738807166568	-0.9867751797248288	0.0	valley	0	0.608844503558702	2.358691531398059e-05	-0.12375563364228395	0.0	0.0
-1.4198738807166569	-0.9817751797248289	0.0	valley	0	0.664762697426386	2.5753211791256163e-05	-0.0678374397746	0.0	0.0
-1.4148738807166568	-0.9767751797248287	0.0	valley	0	0.664762697426386	2.5753211791256163e-05	-0.0678374397746	0.0	0.0
-1.4098738807166569	-0.9717751797248289	0.0	valley	0	0.664762697426386	2.5753211791256163e-05	-0.0678374397746	0.0	0.0
-1.4048738807166568	-0.9667751797248287	0.0	valley	0	0.664762697426386	2.5753211791256163e-05	-0.0678374397746	0.0	0.0
-1.3998738807166569	-0.9617751797248288	0.0	valley	0	0.664762697426386	2.5753211791256163e-05	-0.0678374397746	0.0	0.0
-1.3948738807166567	-0.9567751797248287	0.0	valley	0	0.664762697426386	2.5753211791256163e-05	-0.0678374397746	0.0	0.0
-1.3898738807166569	-0.9517751797248288	0.0	valley	0	0.664762697426386	2.5753211791256163e-05	-0.0678374397746	0.0	0.0
-1.3848738807166567	-0.9467751797248287	0.0	valley	0	0.664762697426386	2.5753211791256163e-05	-0.0678374397746	0.0	0.0
-1.3798738807166568	-0.9417751797248288	0.0	valley	0	0.664762697426386	2.5753211791256163e-05	-0.0678374397746	0.0	0.0
-1.3748738807166567	-0.9367751797248287	0.0	valley	0	0.664762697426386	2.5753211791256163e-05	-0.0678374397746	0.0	0.0
-1.3698738807166568	-0.9317751797248288	0.0	valley	0	0.664762697426386	2.5753211791256163e-05	-0.0678374397746	0.0	0.0
-1.3648738807166567	-0.9267751797248287	0.0	valley	0	0.664762697426386	2.5753211791256163e-05	-0.0678374397746	0.0	0.0
-1.3598738807166568	-0.9217751797248288	0.0	valley	0	0.664762697426386	2.5753211791256163e-05	-0.0678374397746	0.0	0.0
-1.3548738807166567	-0.9167751797248287	0.0	valley	0	0.664762697426386	2.5753211791256163e-05	-0.0678374397746	0.0	0.0
-1.3498738807166568	-0.9117751797248288	0.0	valley	0	0.664762697426386	2.5753211791256163e-05	-0.0678374397746	0.0	0.0
-1.3448738807166567	-0.9067751797248287	0.0	valley	0	0.664762697426386	2.5753211791256163e-05	-0.0678374397746	0.0	0.0
-1.3398738807166568	-0.9017751797248288	0.0	valley	0	0.664762697426386	2.5753211791256163e-05	-0.0678374397746	0.0	0.0
-1.334873880716657	-0.8967751797248289	0.0	valley	0	0.664762697426386	2.5753211791256163e-05	-0.0678374397746	0.0	0.0
-1.3298738807166568	-0.8917751797248288	0.0	valley	0	0.664762697426386	2.5753211791256163e-05	-0.0678374397746	0.0	0.0
-1.3248738807166567	-0.8867751797248287	0.0	valley	0	0.664762697426386	2.5753211791256163e-05	-0.0678374397746	0.0	0.0
-1.3198738807166568	-0.8817751797248288	0.0	valley	0	0.664762697426386	2.5753211791256163e-05	-0.0678374397746	0.0	0.0
-1.314873880716657	-0.8767751797248289	0.0	valley	0	0.6647626974263859	2.575321179125616e-05	-0.0678374397746	0.0	0.0
-1.3098738807166568	-0.8717751797248288	0.0	valley	0	0.6647626974263859	2.575321179125616e-05	-0.0678374397746	0.0	0.0
-1.3048738807166567	-0.8667751797248286	0.0	valley	0	0.6647626974263859	2.575321179125616e-05	-0.0678374397746	0.0	0.0
-1.2998738807166568	-0.8617751797248288	0.0	valley	0	0.6647626974263859	2.575321179125616e-05	-0.0678374397746	0.0	0.0
-1.2948738807166569	-0.8567751797248289	0.0	valley	0	0.6647626974263859	2.575321179125616e-05	-0.0678374397746	0.0	0.0
-1.2898738807166568	-0.8517751797248287	0.0	valley	0	0.6647626974263859	2.575321179125616e-05	-0.0678374397746	0.0	0.0
-1.2848738807166569	-0.8467751797248289	0.0	valley	0	0.6647626974263859	2.575321179125616e-05	-0.0678374397746	0.0	0.0
-1.2798738807166568	-0.8417751797248287	0.0	valley	0	0.6647626974263859	2.575321179125616e-05	-0.0678374397746	0.0	0.0
-1.2748738807166569	-0.8367751797248288	0.0	valley	0	0.7326001372009859	2.8381265321719668e-05	0.0	0.0	0.0
-1.2698738807166567	-0.8317751797248287	0.0	valley	0	0.7326001372009859	2.8381265321719668e-05	0.0	0.0	0.0
-1.2648738807166569	-0.8267751797248288	0.0	valley	0	0.7326001372009859	2.8381265321719668e-05	0.0	0.0	0.0
-1.2598738807166567	-0.8217751797248287	0.0	valley	0	0.7326001372009859	2.8381265321719668e-05	0.0	0.0	0.0
-1.2548738807166568	-0.8167751797248288	0.0	valley	0	0.7326001372009859	2.8381265321719668e-05	0.0	0.0	0.0
-1.2498738807166567	-0.8117751797248287	0.0	valley	0	0.7326001372009859	2.8381265321719668e-05	0.0	0.0	0.0
-1.2448738807166568	-0.8067751797248288	0.0	valley	0	0.7326001372009859	2.8381265321719668e-05	0.0	0.0	0.0
-1.2398738807166567	-0.8017751797248287	0.0	valley	0	0.7326001372009859	2.8381265321719668e-05	0.0	0.0	0.0
-1.2348738807166568	-0.7967751797248288	0.0	valley	0	0.7326001372009859	2.8381265321719668e-05	0.0	0.0	0.0
-1.2298738807166567	-0.7917751797248287	0.0	valley	0	0.7326001372009859	2.8381265321719668e-05	0.0	0.0	0.0
-1.2248738807166568	-0.7867751797248288	0.0	valley	0	0.7326001372009859	2.8381265321719668e-05	0.0	0.0	0.0
-1.2198738807166567	-0.7817751797248287	0.0	valley	0	0.7326001372009859	2.8381265321719668e-05	0.0	0.0	0.0
-1.2148738807166568	-0.7767751797248288	0.0	valley	0	0.7326001372009859	2.8381265321719668e-05	0.0	0.0	0.0
-1.2098738807166567	-0.7717751797248287	0.0	valley	0	0.7326001372009859	2.8381265321719668e-05	0.0	0.0	0.0
-1.2048738807166568	-0.7667751797248288	0.0	valley	0	0.7326001372009859	2.8381265321719668e-05	0.0	0.0	0.0
-1.1998738807166567	-0.7617751797248287	0.0	valley	0	0.7326001372009859	2.8381265321719668e-05	0.0	0.0	0.0
-1.1948738807166568	-0.7567751797248288	0.0	valley	0	0.7326001372009859	2.8381265321719668e-05	0.0	0.0	0.0
-1.189873880716657	-0.7517751797248289	0.0	valley	0	0.7326001372009859	2.8381265321719668e-05	0.0	0.0	0.0
-1.1848738807166568	-0.7467751797248288	0.0	valley	0	0.7326001372009859	2.8381265321719668e-05	0.0	0.0	0.0
-1.1798738807166567	-0.7417751797248286	0.0	valley	0	0.7326001372009859	2.8381265321719668e-05	0.0	0.0	0.0
-1.1748738807166568	-0.7367751797248288	0.0	valley	0	0.7326001372009859	2.8381265321719668e-05	0.0	0.0	0.0
-1.4748738807166568	-1.0367751797248288	300.0	total	0	-2.3968665469681303e-09	-9.285570935075306e-14	-2.8094828178713414e-10	17.917928761562543	-0.08207123843745955
-1.469873880716657	-1.031775179724829	300.0	total	0	-2.5599995802296274e-09	-9.917555788015795e-14	-4.4408135455548567e-10	17.92288662415439	-0.07711337584560693
-1.4648738807166568	-1.0267751797248288	300.0	total	0	-2.65067167492216e-09	-1.0268823641524106e-13	-5.347536014409836e-10	17.92786512877909	-0.07213487122091475
-1.459873880716657	-1.021775179724829	300.0	total	0	-2.665204859599647e-09	-1.0325125865528216e-13	-5.492867474312894e-10	17.93281586695477	-0.06718413304523321
-1.4548738807166568	-1.0167751797248288	300.0	total	0	-2.6059205889101316e-09	-1.0095455881808e-13	-4.900023955294634e-10	17.937683889772273	-0.062316110227729635
-1.449873880716657	-1.0117751797248289	300.0	total	0	-2.4811830557532203e-09	-9.612216957279672e-14	-3.652650419609046e-10	17.942413079750747	-0.05758692024924872
-1.4448738807166568	-1.0067751797248288	300.0	total	0	-2.3045130407226194e-09	-8.927789216092929e-14	-1.885952270574747e-10	17.946951072583577	-0.05304892741642894
-1.439873880716657	-1.0017751797248289	300.0	total	0	-2.092944265805434e-09	-8.108162078476314e-14	2.2973819040844486e-11	17.95125307712627	-0.048746922873731655
-1.4348738807166568	-0.9967751797248288	300.0	total	0	-1.8649497178290126e-09	-7.224900742661259e-14	2.509681607643744e-10	17.955284237442584	-0.044715762557412136
-1.4298738807166569	-0.9917751797248289	300.0	total	0	-1.638333514007253e-09	-6.346979175319024e-14	4.775845450082784e-10	17.9590205241502	-0.040979475849800814
-1.4248738807166568	-0.9867751797248288	300.0	total	0	-1.4284239346973096e-09	-5.533779837583758e-14	6.874941310062196e-10	17.962448420744543	-0.03755157925546527
-1.4198738807166569	-0.9817751797248289	300.0	total	0	-1.2468280498221772e-09	-4.8302690506946165e-14	8.690898624846869e-10	17.96556381380865	-0.03443618619134775
-1.4148738807166568	-0.9767751797248287	300.0	total	0	-1.1008519128963624e-09	-4.264750801058441e-14	1.0150663095113557e-09	17.96837049691975	-0.03162950308024826
-1.4098738807166569	-0.9717751797248289	300.0	total	0	-9.935709215190805e-10	-3.8491393200274956e-14	1.1223471470135623e-09	17.970878600638155	-0.029121399361849005
-1.4048738807166568	-0.9667751797248287	300.0	total	0	-9.244299211827063e-10	-3.5812839135771154e-14	1.1914884036706467e-09	17.97310312932324	-0.026896870676761074
-1.3998738807166569	-0.9617751797248288	300.0	total	0	-8.901683615208952e-10	-3.448553060043161e-14	1.2257498729896792e-09	17.975062673123492	-0.024937326876519218
-1.3948738807166567	-0.9567751797248287	300.0	total	0	-8.858704165259583e-10	-3.4319026240078215e-14	1.230047665586453e-09	17.97677829635588	-0.023221703644128344
-1.3898738807166569	-0.9517751797248288	300.0	total	0	-9.059461390702179e-10	-3.509676893915929e-14	1.2099721066356643e-09	17.97827258049228	-0.021727419507724173
-1.3848738807166567	-0.9467751797248287	300.0	total	0	-9.449219347188993e-10	-3.660670913881131e-14	1.1709960142739167e-09	17.979568804298633	-0.020431195701369982
-1.3798738807166568	-0.9417751797248288	300.0	total	0	-9.979899619314339e-10	-3.8662588852639404e-14	1.1179280356201664e-09	17.980690256314016	-0.019309743685992465
-1.3748738807166567	-0.9367751797248287	300.0	total	0	-1.0613099862861159e-09	-4.111563563782578e-14	1.0546081077889566e-09	17.981659683233026	-0.018340316766980645
-1.3698738807166568	-0.9317751797248288	300.0	total	0	-1.1321163003398191e-09	-4.385870471953392e-14	9.838017709192368e-10	17.982498877732628	-0.017501122267372535
-1.3648738807166567	-0.9267751797248287	300.0	total	0	-1.2086807826038134e-09	-4.682484787868864e-14	9.072372940062895e-10	17.98322840266684	-0.01677159733317716
-1.3598738807166568	-0.9217751797248288	300.0	total	0	-1.290187919787239e-09	-4.9982471756367455e-14	8.257297703619545e-10	17.98386743933662	-0.016132560663382527
-1.3548738807166567	-0.9167751797248287	300.0	total	0	-1.3765684933660068e-09	-5.33288947952001e-14	7.393496729424523e-10	17.984433739175085	-0.01556626082492455
-1.3498738807166568	-0.9117751797248288	300.0	total	0	-1.4683093556544268e-09	-5.688297787713744e-14	6.476086401749075e-10	17.98494365246175	-0.015056347538247118
-1.3448738807166567	-0.9067751797248287	300.0	total	0	-1.5662695546987224e-09	-6.067800091749195e-14	5.496485917142298e-10	17.985412204866297	-0.014587795133699611
-1.3398738807166568	-0.9017751797248288	300.0	total	0	-1.6714851565132304e-09	-6.475410158885003e-14	4.444326198474591e-10	17.985853192123557	-0.01414680787645383
-1.334873880716657	-0.8967751797248289	300.0	total	0	-1.7849772756424124e-09	-6.91508383369976e-14	3.309406971471824e-10	17.98627926419797	-0.013720735802032468
-1.3298738807166568	-0.8917751797248288	300.0	total	0	-1.907542256865737e-09	-7.389906192393428e-14	2.0837592583814443e-10	17.986701972461187	-0.01329802753881709
-1.3248738807166567	-0.8867751797248287	300.0	total	0	-2.0395334174488454e-09	-7.901246002257972e-14	7.638462510996185e-11	17.98713175681538	-0.012868243184623736
-1.3198738807166568	-0.8817751797248288	300.0	total	0	-2.180632227597345e-09	-8.447869264260568e-14	-6.471448194779859e-11	17.987577855099268	-0.01242214490071857
-1.314873880716657	-0.8767751797248289	300.0	total	0	-2.3296259572946327e-09	-9.025077806695115e-14	-2.1370786100064937e-10	17.98804812570571	-0.011951874294283725
-1.3098738807166568	-0.8717751797248288	300.0	total	0	-2.48421995704819e-09	-9.623982052183655e-14	-3.6830202013145163e-10	17.98854878732226	-0.011451212677740363
-1.3048738807166567	-0.8667751797248286	300.0	total	0	-2.6409382928836213e-09	-1.0231116073085904e-13	-5.250201841920025e-10	17.98908409754628	-0.010915902453716328
-1.2998738807166568	-0.8617751797248288	300.0	total	0	-2.7951516841779985e-09	-1.0828545823947e-13	-6.792339046244369e-10	17.98965601357473	-0.01034398642526214
-1.2948738807166569	-0.8567751797248289	300.0	total	0	-2.941294720462847e-09	-1.1394710649354898e-13	-8.253767442143565e-10	17.990263899372692	-0.009736100627315267
-1.2898738807166568	-0.8517751797248287	300.0	total	0	-3.073281236022328e-09	-1.1906032464184865e-13	-9.5736343950067e-10	17.99090435805305	-0.009095641946941149
-1.2848738807166569	-0.8467751797248289	300.0	total	0	-3.1851102782271902e-09	-1.23392633027179e-13	-1.0691922609689747e-09	17.99157126757731	-0.00842873242270535
-1.2798738807166568	-0.8417751797248287	300.0	total	0	-3.27156985764947e-09	-1.2674211678862525e-13	-1.1556517951454834e-09	17.992256075947207	-0.007743924052770153
-1.2748738807166569	-0.8367751797248288	300.0	total	0	-3.3289228806328417e-09	-1.2896399920392598e-13	-1.213004848189782e-09	17.99294836831012	-0.0070516316898813535
-1.2698738807166567	-0.8317751797248287	300.0	total	0	-3.3554206311769896e-09	-1.299905342131815e-13	-1.239502687185194e-09	17.993636661159506	-0.006363338840496468
-1.2648738807166569	-0.8267751797248288	300.0	total	0	-3.351528116920833e-09	-1.2983973642559897e-13	-1.2356103150859043e-09	17.9943093242981	-0.005690675701899084
-1.2598738807166567	-0.8217751797248287	300.0	total	0	-3.3198095081611937e-09	-1.2861094297453227e-13	-1.2038912891751353e-09	17.994955497797626	-0.00504450220238145
-1.2548738807166568	-0.8167751797248288	300.0	total	0	-3.264505718007752e-09	-1.2646844877894228e-13	-1.1485875430869939e-09	17.995565871074806	-0.0044341289251961825
-1.2498738807166567	-0.8117751797248287	300.0	total	0	-3.1909202950590944e-09	-1.236177157440072e-13	-1.0750020880187894e-09	17.99613322440833	-0.0038667755916710366
-1.2448738807166568	-0.8067751797248288	300.0	total	0	-3.104743753036139e-09	-1.2027919698122567e-13	-9.88825305356117e-10	17.996652687528893	-0.003347312471099144
-1.2398738807166567	-0.8017751797248287	300.0	total	0	-3.011451353252885e-09	-1.1666500662512685e-13	-8.95533452207374e-10	17.997121726978083	-0.0028782730219251837
-1.2348738807166568	-0.7967751797248288	300.0	total	0	-2.9158621790766217e-09	-1.1296183817562885e-13	-7.99944298438304e-10	17.997539917558946	-0.002460082441062775
-1.2298738807166567	-0.7917751797248287	300.0	total	0	-2.821878365576906e-09	-1.0932086213503788e-13	-7.059602787745804e-10	17.997908575107346	-0.0020914248926655566
-1.2248738807166568	-0.7867751797248288	300.0	total	0	-2.732402291923111e-09	-1.0585451800354966e-13	-6.164842794111469e-10	17.998230328533626	-0.0017696714663707493
-1.2198738807166567	-0.7817751797248287	300.0	total	0	-2.6493847764059056e-09	-1.0263838137648625e-13	-5.334667915798955e-10	17.9985086950483	-0.0014913049516893243
-1.2148738807166568	-0.7767751797248288	300.0	total	0	-2.573952368155128e-09	-9.971609528382851e-14	-4.580344527061822e-10	17.998747701845527	-0.0012522981544799388
-1.2098738807166567	-0.7717751797248287	300.0	total	0	-2.506574034049997e-09	-9.710582771756872e-14	-3.9065575802404595e-10	17.998951577002675	-0.001048422997331444
-1.2048738807166568	-0.7667751797248288	300.0	total	0	-2.4472288668918897e-09	-9.480676872324319e-14	-3.3131040757572443e-10	17.999124515924287	-0.000875484075734601
-1.1998738807166567	-0.7617751797248287	300.0	total	0	-2.3955606635216383e-09	-9.28051188270934e-14	-2.796424052109769e-10	17.999270518663685	-0.0007294813363205384
-1.1948738807166568	-0.7567751797248288	300.0	total	0	-2.351004614944901e-09	-9.107899706962929e-14	-2.3508654474147486e-10	17.999393287498304	-0.0006067125017052703
-1.189873880716657	-0.7517751797248289	300.0	total	0	-2.3128844243576535e-09	-8.960220340247991e-14	-1.9696605475728318e-10	17.999496171993147	-0.0005038280068702165
-1.1848738807166568	-0.7467751797248288	300.0	total	0	-2.280482058599932e-09	-8.83469208917028e-14	-1.6456362613974023e-10	17.999582149103063	-0.0004178508969435195
-1.1798738807166567	-0.7417751797248286	300.0	total	0	-2.2530878354918367e-09	-8.728565612415344e-14	-1.3716964449769832e-10	17.999653827487435	-0.00034617251257713704
-1.1748738807166568	-0.7367751797248288	300.0	total	0	-2.2300315156841965e-09	-8.63924437200401e-14	-1.1411291733155356e-10	17.99971346733075	-0.00028653266924920265
-1.4748738807166568	-1.0367751797248288	300.0	K	0	0.249563874013277	9.668218941575025e-06	-0.11673619382445463	1.5853888453142637	-0.039611154685736345
-1.469873880716657	-1.031775179724829	300.0	K	0	0.2546886122704099	9.866753652114062e-06	-0.11161145556732174	1.587626812007609	-0.03737318799239101
-1.4648738807166568	-1.0267751797248288	300.0	K	0	0.2599786871182748	1.007169357800957e-05	-0.10632138071945683	1.589914559386247	-0.035085440613752975
-1.459873880716657	-1.021775179724829	300.0	K	0	0.2653676339922055	1.0280463851542454e-05	-0.10093243384552616	1.5922218189266313	-0.032778181073368856
-1.4548738807166568	-1.0167751797248288	300.0	K	0	0.27078297820959746	1.0490256770268154e-05	-0.0955170896281342	1.5945158627015996	-0.03048413729840051
-1.449873880716657	-1.0117751797248289	300.0	K	0	0.27615155686989323	1.0698237969862955e-05	-0.09014851096783842	1.5967641184718393	-0.028235881528160773
-1.4448738807166568	-1.0067751797248288	300.0	K	0	0.28140435526441865	1.0901733788859271e-05	-0.084895712573313	1.5989365532852717	-0.026063446714728364
-1.439873880716657	-1.0017751797248289	300.0	K	0	0.2864802149672425	1.109837492178626e-05	-0.07981985287048918	1.6010075053364523	-0.023992494663547446
-1.4348738807166568	-0.9967751797248288	300.0	K	0	0.2913281007543528	1.1286184240658423e-05	-0.07497196708337883	1.6029567897769814	-0.02204321022301835
-1.4298738807166569	-0.9917751797248289	300.0	K	0	0.2959079810734555	1.1463610904779448e-05	-0.07039208676427618	1.6047700744422806	-0.020229925557719568
-1.4248738807166568	-0.9867751797248288	300.0	K	0	0.3001906531475457	1.162952358517433e-05	-0.06610941469018593	1.6064386595936475	-0.01856134040635247
-1.4198738807166569	-0.9817751797248289	300.0	K	0	0.3041569539995933	1.1783179899323835e-05	-0.06214311383813838	1.6079588666160165	-0.017041133383983567
-1.4148738807166568	-0.9767751797248287	300.0	K	0	0.3077967456445315	1.1924187097036699e-05	-0.05850332219320018	1.6093312405434543	-0.015668759456545382
-1.4098738807166569	-0.9717751797248289	300.0	K	0	0.31110791123823917	1.2052463170800774e-05	-0.055192156599492476	1.6105597222464538	-0.014440277753545812
-1.4048738807166568	-0.9667751797248287	300.0	K	0	0.3140954349998887	1.2168201211552814e-05	-0.05220463283784296	1.6116508801103817	-0.013349119889618016
-1.3998738807166569	-0.9617751797248288	300.0	K	0	0.3167705279844521	1.2271835540704374e-05	-0.04952953985327953	1.6126132347502247	-0.012386765249775153
-1.3948738807166567	-0.9567751797248287	300.0	K	0	0.3191497278689463	1.2364006835448085e-05	-0.04715033996878543	1.613456676720783	-0.011543323279217152
-1.3898738807166569	-0.9517751797248288	300.0	K	0	0.3212539281541772	1.2445524519587955e-05	-0.04504613968355448	1.6141919657032862	-0.01080803429671355
-1.3848738807166567	-0.9467751797248287	300.0	K	0	0.3231073452356222	1.2517326747391616e-05	-0.043192722602109476	1.614830301858126	-0.010169698141873951
-1.3798738807166568	-0.9417751797248288	300.0	K	0	0.3247364775300432	1.2580440079677901e-05	-0.04156359030768843	1.6153829664101689	-0.009617033589831082
-1.3748738807166567	-0.9367751797248287	300.0	K	0	0.3261691313113682	1.2635941744252112e-05	-0.04013093652636345	1.6158610327817502	-0.009138967218249935
-1.3698738807166568	-0.9317751797248288	300.0	K	0	0.32743358167409004	1.2684927131243252e-05	-0.03886648616364162	1.6162751496368484	-0.008724850363151496
-1.3648738807166567	-0.9267751797248287	300.0	K	0	0.32855791296760956	1.272848424122798e-05	-0.03774215487012212	1.6166353939472105	-0.008364606052789478
-1.3598738807166568	-0.9217751797248288	300.0	K	0	0.32956955258366155	1.2767675623941655e-05	-0.03673051525407009	1.6169511876342022	-0.008048812365798
-1.3548738807166567	-0.9167751797248287	300.0	K	0	0.33049498396685323	1.2803527260174973e-05	-0.03580508387087852	1.6172312672017013	-0.007768732798298503
-1.3498738807166568	-0.9117751797248288	300.0	K	0	0.331359603609686	1.2837023021695526e-05	-0.0349404642280456	1.6174836929523888	-0.0075163070476111414
-1.3448738807166567	-0.9067751797248287	300.0	K	0	0.3321876733368929	1.2869102822721137e-05	-0.03411239450083875	1.6177158830067995	-0.007284116993200381
-1.3398738807166568	-0.9017751797248288	300.0	K	0	0.3330023120837052	1.2900662301406148e-05	-0.0332977557540265	1.6179346571251796	-0.00706534287482068
-1.334873880716657	-0.8967751797248289	300.0	K	0	0.3338254689083967	1.2932551774335016e-05	-0.032474598929335005	1.6181462758849294	-0.006853724115070453
-1.3298738807166568	-0.8917751797248288	300.0	K	0	0.3346778201474808	1.2965572252267449e-05	-0.03162224769025091	1.6183564618703843	-0.006643538129615629
-1.3248738807166567	-0.8867751797248287	300.0	K	0	0.3355785387398863	1.3000466503651205e-05	-0.030721529097845344	1.6185703912540237	-0.0064296087459762
-1.3198738807166568	-0.8817751797248288	300.0	K	0	0.3365448945679186	1.3037903571647617e-05	-0.0297551732698131	1.6187926468649372	-0.006207353135062981
-1.314873880716657	-0.8767751797248289	300.0	K	0	0.3375916639804479	1.307845589878908e-05	-0.028708403857283783	1.6190271281489295	-0.005972871851070705
-1.3098738807166568	-0.8717751797248288	300.0	K	0	0.33873035727230344	1.3122569399176466e-05	-0.027569710565428163	1.6192769199262984	-0.005723080073701725
-1.3048738807166567	-0.8667751797248286	300.0	K	0	0.3399683157981229	1.3170528480255547e-05	-0.02633175203960876	1.619544130781705	-0.005455869218294999
-1.2998738807166568	-0.8617751797248288	300.0	K	0	0.3413077824339545	1.3222420032073121e-05	-0.02499228540377723	1.6198297226522862	-0.005170277347713778
-1.2948738807166569	-0.8567751797248289	300.0	K	0	0.3427451007540054	1.3278102403016961e-05	-0.023554967083726196	1.6201333637878712	-0.004866636212128841
-1.2898738807166568	-0.8517751797248287	300.0	K	0	0.34427023329761297	1.333718673725732e-05	-0.022029834540118733	1.6204533444262996	-0.004546655573700327
-1.2848738807166569	-0.8467751797248289	300.0	K	0	0.34586678788402053	1.3399037994193422e-05	-0.020433279953711133	1.6207865942194828	-0.0042134057805172445
-1.2798738807166568	-0.8417751797248287	300.0	K	0	0.347512687505817	1.3462800900432556e-05	-0.01878738033191462	1.6211288294795827	-0.0038711705204174367
-1.2748738807166569	-0.8367751797248288	300.0	K	0	0.34918151266519576	1.3527451952512412e-05	-0.017118555172535924	1.6214748364431764	-0.0035251635568235803
-1.2698738807166567	-0.8317751797248287	300.0	K	0	0.35084440540875833	1.3591873180082647e-05	-0.015455662428973279	1.621818868134015	-0.00318113186598489
-1.2648738807166569	-0.8267751797248288	300.0	K	0	0.3524722913501531	1.3654938228081059e-05	-0.01382777648757856	1.6221551051485739	-0.002844894851426296
-1.2598738807166567	-0.8217751797248287	300.0	K	0	0.35403809448413104	1.3715598159645904e-05	-0.012261973353600561	1.6224781139745261	-0.002521886025473957
-1.2548738807166568	-0.8167751797248288	300.0	K	0	0.3555186194558022	1.3772954376090214e-05	-0.01078144838192942	1.6227832363957422	-0.0022167636042578097
-1.2498738807166567	-0.8117751797248287	300.0	K	0	0.3568958571670212	1.3826309196691975e-05	-0.009404210670710362	1.623066860141114	-0.0019331398588858832
-1.2448738807166568	-0.8067751797248288	300.0	K	0	0.35815760233906285	1.3875189783355432e-05	-0.008142465498668715	1.6233265480892793	-0.0016734519107206467
-1.2398738807166567	-0.8017751797248287	300.0	K	0	0.35929741110159713	1.391934649758852e-05	-0.00700265673613444	1.6235610318735805	-0.0014389681264196327
-1.2348738807166568	-0.7967751797248288	300.0	K	0	0.36031403330378026	1.3958730907974175e-05	-0.005986034533951419	1.6237700975460403	-0.0012299024539596125
-1.2298738807166567	-0.7917751797248287	300.0	K	0	0.36121050780806413	1.3993460741437552e-05	-0.005089560029667547	1.6239544019123897	-0.0010455980876105098
-1.2248738807166568	-0.7867751797248288	300.0	K	0	0.3619931108464369	1.4023779142084465e-05	-0.004306956991294778	1.624115258511235	-0.0008847414887648107
-1.2198738807166567	-0.7817751797248287	300.0	K	0	0.36267031328755955	1.4050014275251994e-05	-0.0036297545501721025	1.6242544251924809	-0.0007455748075190426
-1.2148738807166568	-0.7767751797248288	300.0	K	0	0.3632518522995717	1.4072543363299814e-05	-0.0030482155381600135	1.6243739149307397	-0.0006260850692602339
-1.2098738807166567	-0.7717751797248287	300.0	K	0	0.36374797282424737	1.409176329997109e-05	-0.002552095013484303	1.6244758412517724	-0.0005241587482277488
-1.2048738807166568	-0.7667751797248288	300.0	K	0	0.36416885418164	1.4108068436793431e-05	-0.0021312136560916934	1.6245623014351362	-0.0004376985648636644
-1.1998738807166567	-0.7617751797248287	300.0	K	0	0.36452421029775106	1.4121835095715412e-05	-0.0017758575399805835	1.6246352951591903	-0.00036470484080992514
-1.1948738807166568	-0.7567751797248288	300.0	K	0	0.36482303751616546	1.4133411799213686e-05	-0.0014770303215662138	1.6246966732755834	-0.0003033267244163659
-1.189873880716657	-0.7517751797248289	300.0	K	0	0.3650734787434923	1.4143114007225025e-05	-0.001226589094239349	1.624748110330285	-0.00025188966971486574
-1.1848738807166568	-0.7467751797248288	300.0	K	0	0.3652827734611791	1.4151222180581093e-05	-0.0010172943765526146	1.6247910946058035	-0.0002089053941964462
-1.1798738807166567	-0.7417751797248286	300.0	K	0	0.3654572671124987	1.4157982144664608e-05	-0.000842800725232901	1.6248269302711777	-0.0001730697288223498
-1.1748738807166568	-0.7367751797248288	300.0	K	0	0.3656024585596271	1.416360692791832e-05	-0.000697609278104542	1.6248567472862911	-0.00014325271370895258
-1.4748738807166568	-1.0367751797248288	300.0	Kprime	0	-0.2495638758140952	-9.668219011339549e-06	0.11673619354915762	1.5853888468515995	-0.03961115314840068
-1.469873880716657	-1.031775179724829	300.0	Kprime	0	-0.2546886142352902	-9.866753728234427e-06	0.11161145512796267	1.5876268135913034	-0.037373186408696635
-1.4648738807166568	-1.0267751797248288	300.0	Kprime	0	-0.2599786891746125	-1.0071693657673034e-05	0.10632138018864035	1.5899145609826546	-0.035085439017345364
-1.459873880716657	-1.021775179724829	300.0	Kprime	0	-0.26536763606373726	-1.0280463931794546e-05	0.10093243329951557	1.5922218205004366	-0.03277817949956348
-1.4548738807166568	-1.0167751797248288	300.0	Kprime	0	-0.2707829802223993	-1.049025684824502e-05	0.09551708914085356	1.594515864218426	-0.03048413578157378
-1.449873880716657	-1.0117751797248289	300.0	Kprime	0	-0.2761515587584213	-1.0698238043025397e-05	0.09014851060483152	1.596764119900849	-0.028235880099150994
-1.4448738807166568	-1.0067751797248288	300.0	Kprime	0	-0.2814043569766637	-1.090173385519243e-05	0.08489571238658913	1.5989365546013605	-0.02606344539863926
-1.439873880716657	-1.0017751797248289	300.0	Kprime	0	-0.28648021646824057	-1.1098374979935613e-05	0.07981985289501232	1.6010075065217408	-0.02399249347825906
-1.4348738807166568	-0.9967751797248288	300.0	Kprime	0	-0.29132810202762416	-1.128618428998554e-05	0.07497196733562869	1.602956790821439	-0.022043209178561146
-1.4298738807166569	-0.9917751797248289	300.0	Kprime	0	-0.2959079821203324	-1.1463610945335941e-05	0.0703920872429204	1.6047700753434975	-0.020229924656502286
-1.4248738807166568	-0.9867751797248288	300.0	Kprime	0	-0.3001906539846972	-1.1629523617605963e-05	0.06610941537855561	1.606438660355902	-0.018561339644097726
-1.4198738807166569	-0.9817751797248289	300.0	Kprime	0	-0.30415695465530146	-1.178317992472627e-05	0.06214311470795141	1.6079588672488598	-0.01704113275114014
-1.4148738807166568	-0.9767751797248287	300.0	Kprime	0	-0.3077967461543893	-1.1924187116788823e-05	0.05850332320886351	1.609331241060081	-0.015668758939918953
-1.4098738807166569	-0.9717751797248289	300.0	Kprime	0	-0.31110791164092044	-1.2052463186400832e-05	0.05519215772233237	1.6105597226620885	-0.014440277337911542
-1.4048738807166568	-0.9667751797248287	300.0	Kprime	0	-0.31409543533351486	-1.2168201224477645e-05	0.052204634029737976	1.6116508804408665	-0.013349119559133373
-1.3998738807166569	-0.9617751797248288	300.0	Kprime	0	-0.316770528283888	-1.227183555230466e-05	0.04952954107936484	1.6126132350109177	-0.01238676498908225
-1.3948738807166567	-0.9567751797248287	300.0	Kprime	0	-0.3191497281641431	-1.2364006846884144e-05	0.04715034119910977	1.6134566769258052	-0.011543323074194783
-1.3898738807166569	-0.9517751797248288	300.0	Kprime	0	-0.3212539284694981	-1.244552453180363e-05	0.04504614089375478	1.6141919658651025	-0.010808034134897393
-1.3848738807166567	-0.9467751797248287	300.0	Kprime	0	-0.3231073455899592	-1.2517326761118793e-05	0.04319272377329365	1.6148303019873982	-0.010169698012601714
-1.3798738807166568	-0.9417751797248288	300.0	Kprime	0	-0.32473647793748117	-1.2580440095462236e-05	0.041563591425771595	1.6153829665158135	-0.009617033484186436
-1.3748738807166567	-0.9367751797248287	300.0	Kprime	0	-0.3261691317821534	-1.2635941762490547e-05	0.04013093758109946	1.6158610328711207	-0.009138967128879232
-1.3698738807166568	-0.9317751797248288	300.0	Kprime	0	-0.327433582215704	-1.2684927152225627e-05	0.03886648714754883	1.6162751497159842	-0.008724850284015805
-1.3648738807166567	-0.9267751797248287	300.0	Kprime	0	-0.3285579135858065	-1.2728484265177213e-05	0.03774215577744635	1.6166353940211016	-0.008364605978898728
-1.3598738807166568	-0.9217751797248288	300.0	Kprime	0	-0.3295695532833813	-1.2767675651049118e-05	0.03673051607987151	1.6169511877070417	-0.008048812292958132
-1.3548738807166567	-0.9167751797248287	300.0	Kprime	0	-0.3304949847529655	-1.2803527290629324e-05	0.03580508461028729	1.6172312672771103	-0.00776873272288968
-1.3498738807166568	-0.9117751797248288	300.0	Kprime	0	-0.33135960448754986	-1.2837023055704374e-05	0.034940464875702924	1.6174836930335936	-0.007516306966406066
-1.3448738807166567	-0.9067751797248287	300.0	Kprime	0	-0.3321876743127254	-1.2869102860525334e-05	0.03411239505052748	1.617715883096773	-0.007284116903226685
-1.3398738807166568	-0.9017751797248288	300.0	Kprime	0	-0.33300231316476064	-1.2900662343286734e-05	0.033297756198492214	1.6179346572267312	-0.007065342773268809
-1.334873880716657	-0.8967751797248289	300.0	Kprime	0	-0.33382547010294994	-1.2932551820612556e-05	0.03247459926030296	1.618146276000752	-0.006853723999248264
-1.3298738807166568	-0.8917751797248288	300.0	Kprime	0	-0.3346778214646035	-1.2965572303293386e-05	0.0316222478986493	1.6183564620030488	-0.006643537996951103
-1.3248738807166567	-0.8867751797248287	300.0	Kprime	0	-0.3355785401890044	-1.3000466559790706e-05	0.03072152917424848	1.6185703914059302	-0.006429608594069777
-1.3198738807166568	-0.8817751797248288	300.0	Kprime	0	-0.336544896158139	-1.3037903633253486e-05	0.02975517320511388	1.61879264703821	-0.006207352961789945
-1.314873880716657	-0.8767751797248289	300.0	Kprime	0	-0.3375916657196643	-1.3078455966167122e-05	0.028708403643588495	1.6190271283452695	-0.005972871654730445
-1.3098738807166568	-0.8717751797248288	300.0	Kprime	0	-0.33873035916611627	-1.3122569472543644e-05	0.027569710197136513	1.6192769201467951	-0.005723079853204798
-1.3048738807166567	-0.8667751797248286	300.0	Kprime	0	-0.3399683178486558	-1.317052855969413e-05	0.02633175151459712	1.61954413102663	-0.005455868973369964
-1.2998738807166568	-0.8617751797248288	300.0	Kprime	0	-0.3413077846387024	-1.3222420117486067e-05	0.02499228472455037	1.6198297229208949	-0.0051702770791055026
-1.2948738807166569	-0.8567751797248289	300.0	Kprime	0	-0.34274510310489764	-1.3278102494091606e-05	0.02355496625835525	1.6201333640782485	-0.004866635921751242
-1.2898738807166568	-0.8517751797248287	300.0	Kprime	0	-0.3442702357804927	-1.3337186833445219e-05	0.02202983358276008	1.6204533447352973	-0.0045466552647027
-1.2848738807166569	-0.8467751797248289	300.0	Kprime	0	-0.34586679047873004	-1.3399038094713658e-05	0.020433278884522805	1.6207865945427713	-0.004213405457228833
-1.2798738807166568	-0.8417751797248287	300.0	Kprime	0	-0.3475126901869867	-1.3462801004302301e-05	0.01878737917626608	1.621128829811848	-0.0038711701881518476
-1.2748738807166569	-0.8367751797248288	300.0	Kprime	0	-0.3491815154037191	-1.352745205860406e-05	0.017118553959533753	1.621474836778449	-0.003525163221550793
-1.2698738807166567	-0.8317751797248287	300.0	Kprime	0	-0.35084440817378015	-1.3591873287200862e-05	0.0154556611894728	1.6218188684660917	-0.003181131533908222
-1.2648738807166569	-0.8267751797248288	300.0	Kprime	0	-0.3524722941112828	-1.365493833504849e-05	0.013827775251970065	1.622155105471475	-0.00284489452852494
-1.2598738807166567	-0.8217751797248287	300.0	Kprime	0	-0.35403809721354207	-1.3715598265384539e-05	0.012261972149710774	1.6224781142829192	-0.002521885717080575
-1.2548738807166568	-0.8167751797248288	300.0	Kprime	0	-0.35551862212990976	-1.3772954479686367e-05	0.010781447233343115	1.622783236685268	-0.002216763314731951
-1.2498738807166567	-0.8117751797248287	300.0	Kprime	0	-0.35689585976754357	-1.3826309297437405e-05	0.009404209595709288	1.6230668604085792	-0.0019331395914206255
-1.2448738807166568	-0.8067751797248288	300.0	Kprime	0	-0.3581576048534086	-1.3875189880762338e-05	0.008142464509844244	1.6233265483327095	-0.0016734516672905146
-1.2398738807166567	-0.8017751797248287	300.0	Kprime	0	-0.3592974135226512	-1.3919346591381266e-05	0.007002655840601676	1.6235610320921483	-0.0014389679078517384
-1.2348738807166568	-0.7967751797248288	300.0	Kprime	0	-0.36031403562924513	-1.3958730998063751e-05	0.005986033734007691	1.6237700977399068	-0.0012299022600931642
-1.2298738807166567	-0.7917751797248287	300.0	Kprime	0	-0.36121051003954513	-1.399346082788615e-05	0.005089559323707743	1.6239544020824956	-0.001045597917504603
-1.2248738807166568	-0.7867751797248288	300.0	Kprime	0	-0.36199311298844195	-1.4023779225066722e-05	0.004306956374810885	1.6241152586590815	-0.0008847413409184267
-1.2198738807166567	-0.7817751797248287	300.0	Kprime	0	-0.3626703153465472	-1.405001435501812e-05	0.0036297540167056293	1.6242544253199236	-0.0007455746800763295
-1.2148738807166568	-0.7767751797248288	300.0	Kprime	0	-0.36325185428312706	-1.407254344014366e-05	0.0030482150801258243	1.6243739150398153	-0.0006260849601849804
-1.2098738807166567	-0.7717751797248287	300.0	Kprime	0	-0.3637479747404241	-1.4091763374204657e-05	0.0025520946228287595	1.6244758413445597	-0.0005241586554402667
-1.2048738807166568	-0.7667751797248288	300.0	Kprime	0	-0.3641688560384714	-1.410806850872793e-05	0.002131213324781461	1.6245623015136597	-0.00043769848634024296
-1.1998738807166567	-0.7617751797248287	300.0	Kprime	0	-0.3645242121029145	-1.4121835165648274e-05	0.0017758572603383256	1.6246352952253509	-0.00036470477464898497
-1.1948738807166568	-0.7567751797248288	300.0	Kprime	0	-0.364823039276773	-1.413341186742043e-05	0.00147703008647979	1.6246966733311228	-0.0003033266688775255
-1.189873880716657	-0.7517751797248289	300.0	Kprime	0	-0.3650734804659794	-1.4143114073954967e-05	0.001226588897273394	1.6247481103767625	-0.00025188962323741186
-1.1848738807166568	-0.7467751797248288	300.0	Kprime	0	-0.3652827751512638	-1.4151222246055749e-05	0.001017294211989071	1.6247910946445971	-0.00020890535540299548
-1.1798738807166567	-0.7417751797248286	300.0	Kprime	0	-0.36545726877518947	-1.415798220907801e-05	0.0008428005880633217	1.624826930303487	-0.00017306969651275267
-1.1748738807166568	-0.7367751797248288	300.0	Kprime	0	-0.3656024601992612	-1.4163606991438496e-05	0.0006976091639916789	1.6248567473131519	-0.0001432526868481303
-1.4748738807166568	-1.0367751797248288	300.0	rest	0	-5.960482191774651e-10	-2.3091181388044363e-14	-5.651268233244288e-12	14.747151069396674	-0.002848930603322468
-1.469873880716657	-1.031775179724829	300.0	rest	0	-5.951191551980043e-10	-2.305518902336549e-14	-4.722287397446032e-12	14.747632998555474	-0.0023670014445192644
-1.4648738807166568	-1.0267751797248288	300.0	rest	0	-5.943338804350536e-10	-2.3024767118883048e-14	-3.937080580081472e-12	14.748036008410194	-0.0019639915898164587
-1.459873880716657	-1.021775179724829	300.0	rest	0	-5.936729691311549e-10	-2.2999163111843493e-14	-3.276148062656105e-12	14.748372227527698	-0.0016277724723009106
-1.4548738807166568	-1.0167751797248288	300.0	rest	0	-5.931187747993443e-10	-2.2977693369248298e-14	-2.721751372388672e-12	14.748652162852247	-0.0013478371477553288
-1.449873880716657	-1.0117751797248289	300.0	rest	0	-5.926551106157235e-10	-2.2959730806115567e-14	-2.258112991512324e-12	14.748884841378048	-0.0011151586219369678
-1.4448738807166568	-1.0067751797248288	300.0	rest	0	-5.922681670586712e-10	-2.2944740435243964e-14	-1.8713308442844356e-12	14.749077964696937	-0.0009220353030612856
-1.439873880716657	-1.0017751797248289	300.0	rest	0	-5.919460789513149e-10	-2.2932262594239488e-14	-1.5493208734527393e-12	14.749238065268075	-0.0007619347319251813
-1.4348738807166568	-0.9967751797248288	300.0	rest	0	-5.916786181624395e-10	-2.2921901040607745e-14	-1.2817155126214543e-12	14.749370656844167	-0.0006293431558326345
-1.4298738807166569	-0.9917751797248289	300.0	rest	0	-5.914564567425586e-10	-2.2913294405307375e-14	-1.059646807698711e-12	14.749480374364433	-0.0005196256355789429
-1.4248738807166568	-0.9867751797248288	300.0	rest	0	-5.912723921652542e-10	-2.290616365916151e-14	-8.755708913389923e-13	14.749571100794993	-0.0004288992050151044
-1.4198738807166569	-0.9817751797248289	300.0	rest	0	-5.911199508932794e-10	-2.290025801436812e-14	-7.23153834240365e-13	14.749646079943775	-0.00035392005622404677
-1.4148738807166568	-0.9767751797248287	300.0	rest	0	-5.909937849568959e-10	-2.2895370288126703e-14	-5.970303527816817e-13	14.749708015316209	-0.0002919846837839194
-1.4098738807166569	-0.9717751797248289	300.0	rest	0	-5.908894500182819e-10	-2.2891328304751648e-14	-4.927602970563762e-13	14.74975915572959	-0.00024084427039165344
-1.4048738807166568	-0.9667751797248287	300.0	rest	0	-5.908036279242019e-10	-2.2888003517464747e-14	-4.066033009420194e-13	14.74980136877199	-0.00019863122800968478
-1.3998738807166569	-0.9617751797248288	300.0	rest	0	-5.907322744841422e-10	-2.2885239252470628e-14	-3.3542693644663407e-13	14.749836203362344	-0.0001637966376618114
-1.3948738807166567	-0.9567751797248287	300.0	rest	0	-5.906735495752829e-10	-2.2882964222567274e-14	-2.766681871238714e-13	14.749864942709284	-0.00013505729071641064
-1.3898738807166569	-0.9517751797248288	300.0	rest	0	-5.906250365082794e-10	-2.2881084804101076e-14	-2.281705873864137e-13	14.749888648923891	-0.0001113510761132408
-1.3848738807166567	-0.9467751797248287	300.0	rest	0	-5.905849582919494e-10	-2.2879532155618605e-14	-1.8814894755549054e-13	14.749908200453115	-9.179954689428922e-05
-1.3798738807166568	-0.9417751797248288	300.0	rest	0	-5.905519064150824e-10	-2.2878251710749557e-14	-1.5513326533292881e-13	14.749924323388022	-7.567661197494172e-05
-1.3748738807166567	-0.9367751797248287	300.0	rest	0	-5.905248254307023e-10	-2.2877202580993998e-14	-1.2790314445748816e-13	14.749937617580162	-6.238241985148249e-05
-1.3698738807166568	-0.9317751797248288	300.0	rest	0	-5.905022689379699e-10	-2.2876328732120025e-14	-1.054412421190567e-13	14.749948578379795	-5.142162020522159e-05
-1.3648738807166567	-0.9267751797248287	300.0	rest	0	-5.904838445190771e-10	-2.287561496168177e-14	-8.692465528246687e-14	14.74995761469852	-4.23853014889713e-05
-1.3598738807166568	-0.9217751797248288	300.0	rest	0	-5.904685817607557e-10	-2.2875023675424145e-14	-7.16491646718938e-14	14.749965063995376	-3.493600462638707e-05
-1.3548738807166567	-0.9167751797248287	300.0	rest	0	-5.904558184106876e-10	-2.2874529217388602e-14	-5.906827785901377e-14	14.749971204696257	-2.8795303736361855e-05
-1.3498738807166568	-0.9117751797248288	300.0	rest	0	-5.904454907201573e-10	-2.2874129117920672e-14	-4.8683981388766416e-14	14.749976266475773	-2.373352422991883e-05
-1.3448738807166567	-0.9067751797248287	300.0	rest	0	-5.904370288029968e-10	-2.2873801299368825e-14	-4.013199442097684e-14	14.749980438762737	-1.9561237272535195e-05
-1.3398738807166568	-0.9017751797248288	300.0	rest	0	-5.904299389466016e-10	-2.2873526635080314e-14	-3.3074075463432226e-14	14.749983877771639	-1.6122228364335287e-05
-1.334873880716657	-0.8967751797248289	300.0	rest	0	-5.904240970462319e-10	-2.2873300317180608e-14	-2.725834353860863e-14	14.749986712312301	-1.3287687713745223e-05
-1.3298738807166568	-0.8917751797248288	300.0	rest	0	-5.904192351056121e-10	-2.287311196337107e-14	-2.247181800760749e-14	14.749989048587754	-1.09514122503638e-05
-1.3248738807166567	-0.8867751797248287	300.0	rest	0	-5.904154806906748e-10	-2.287296651561444e-14	-1.851734776668792e-14	14.74999097415543	-9.025844577754414e-06
-1.3198738807166568	-0.8817751797248288	300.0	rest	0	-5.904121053478256e-10	-2.2872835753284366e-14	-1.5261000979711055e-14	14.749992561196123	-7.438803865639744e-06
-1.314873880716657	-0.8767751797248289	300.0	rest	0	-5.904093809815922e-10	-2.2872730210086955e-14	-1.2579653302570613e-14	14.749993869211517	-6.1307884825768576e-06
-1.3098738807166568	-0.8717751797248288	300.0	rest	0	-5.904071837800238e-10	-2.287264508949045e-14	-1.0370367128450997e-14	14.749994947249169	-5.052750833833125e-06
-1.3048738807166567	-0.8667751797248286	300.0	rest	0	-5.904053272363431e-10	-2.2872573166136753e-14	-8.542473013240887e-15	14.749995835737945	-4.1642620513589435e-06
-1.2998738807166568	-0.8617751797248288	300.0	rest	0	-5.904039386957048e-10	-2.2872519373435578e-14	-7.0405515117804e-15	14.749996568001563	-3.431998442861056e-06
-1.2948738807166569	-0.8567751797248289	300.0	rest	0	-5.904026561117181e-10	-2.2872469685543674e-14	-5.797779709244735e-15	14.749997171506577	-2.8284934351800615e-06
-1.2898738807166568	-0.8517751797248287	300.0	rest	0	-5.904015008783888e-10	-2.287242493127465e-14	-4.78649273053835e-15	14.749997668891455	-2.331108538136278e-06
-1.2848738807166569	-0.8467751797248289	300.0	rest	0	-5.904006921481988e-10	-2.2872393600696166e-14	-3.94262877854952e-15	14.749998078815054	-1.921184959264892e-06
-1.2798738807166568	-0.8417751797248287	300.0	rest	0	-5.90400015948833e-10	-2.2872367404422598e-14	-3.2504267634460687e-15	14.749998416655783	-1.5833442008745691e-06
-1.2748738807166569	-0.8367751797248288	300.0	rest	0	-5.903995558583082e-10	-2.2872349580304643e-14	-2.6778902749174664e-15	14.749998695088498	-1.3049115069798062e-06
-1.2698738807166567	-0.8317751797248287	300.0	rest	0	-5.903991416289422e-10	-2.287233353286902e-14	-2.206491110038254e-15	14.74999892455941	-1.0754406033584147e-06
-1.2648738807166569	-0.8267751797248288	300.0	rest	0	-5.903985419411849e-10	-2.2872310300690258e-14	-1.820881439742838e-15	14.749999113678056	-8.863219478478681e-07
-1.2598738807166567	-0.8217751797248287	300.0	rest	0	-5.903983111056955e-10	-2.2872301358017523e-14	-1.501119405320775e-15	14.749999269540181	-7.304598269113597e-07
-1.2548738807166568	-0.8167751797248288	300.0	rest	0	-5.903981437446336e-10	-2.2872294874373227e-14	-1.236203579459216e-15	14.749999397993786	-6.020062064194092e-07
-1.2498738807166567	-0.8117751797248287	300.0	rest	0	-5.903978032677703e-10	-2.2872281684143382e-14	-1.016590745227147e-15	14.749999503858628	-4.961413645281618e-07
-1.2448738807166568	-0.8067751797248288	300.0	rest	0	-5.903977993725174e-10	-2.2872281533239497e-14	-8.34878887419794e-16	14.749999591106912	-4.0889308798330925e-07
-1.2398738807166567	-0.8017751797248287	300.0	rest	0	-5.903974958596663e-10	-2.2872269775012442e-14	-6.913061851824892e-16	14.749999663012348	-3.3698765381159093e-07
-1.2348738807166568	-0.7967751797248288	300.0	rest	0	-5.903973306138778e-10	-2.2872263373314802e-14	-5.70554504271992e-16	14.749999722272998	-2.7772700999971756e-07
-1.2298738807166567	-0.7917751797248287	300.0	rest	0	-5.903974488623606e-10	-2.2872267954315263e-14	-4.75019357485954e-16	14.74999977111245	-2.288875504413462e-07
-1.2248738807166568	-0.7867751797248288	300.0	rest	0	-5.903971630985465e-10	-2.287225688369404e-14	-3.8835638177670815e-16	14.749999811363313	-1.8863668751316011e-07
-1.2198738807166567	-0.7817751797248287	300.0	rest	0	-5.903972403815021e-10	-2.2872259877671183e-14	-3.179200558107981e-16	14.74999984453591	-1.554640939522115e-07
-1.2148738807166568	-0.7767751797248288	300.0	rest	0	-5.903971591820412e-10	-2.287225673196683e-14	-2.6300295431886717e-16	14.749999871874975	-1.281250347258626e-07
-1.2098738807166567	-0.7717751797248287	300.0	rest	0	-5.903971502183861e-10	-2.2872256384710717e-14	-2.1368446578528878e-16	14.74999989440634	-1.0559366342937685e-07
-1.2048738807166568	-0.7667751797248288	300.0	rest	0	-5.903972339959286e-10	-2.287225963029114e-14	-1.7622880744933994e-16	14.74999991297547	-8.702453069329017e-08
-1.1998738807166567	-0.7617751797248287	300.0	rest	0	-5.903968673014389e-10	-2.2872245424378425e-14	-1.4708354173159117e-16	14.749999928279141	-7.172086162827324e-08
-1.1948738807166568	-0.7567751797248288	300.0	rest	0	-5.903970385494998e-10	-2.2872252058606846e-14	-1.212555769049282e-16	14.7499999408916	-5.910841137895572e-08
-1.189873880716657	-0.7517751797248289	300.0	rest	0	-5.903970216465722e-10	-2.287225140377968e-14	-1.0005508795047906e-16	14.749999951286094	-4.8713917938593105e-08
-1.1848738807166568	-0.7467751797248288	300.0	rest	0	-5.903969867073211e-10	-2.2872250050217068e-14	-8.324750917983372e-17	14.749999959852659	-4.0147344077819444e-08
-1.1798738807166567	-0.7417751797248286	300.0	rest	0	-5.903969893759147e-10	-2.287225015359961e-14	-6.549737036024319e-17	14.749999966912766	-3.30872420347077e-08
-1.1748738807166568	-0.7367751797248288	300.0	rest	0	-5.903968931652704e-10	-2.2872246426355118e-14	-5.4230706781135177e-17	14.74999997273131	-2.7268692119677552e-08
-1.4748738807166568	-1.0367751797248288	300.0	valley	0	0.4991277498273721	1.933643795291457e-05	-0.23347238737361228	-1.5373357586945247e-09	-1.537335665507348e-09
-1.469873880716657	-1.031775179724829	300.0	valley	0	0.5093772265057	1.9733507380348486e-05	-0.22322291069528435	-1.583694286821924e-09	-1.5836943760653152e-09
-1.4648738807166568	-1.0267751797248288	300.0	valley	0	0.5199573762928873	2.0143387235682607e-05	-0.21264276090809722	-1.5964075478214212e-09	-1.5964076244880674e-09
-1.459873880716657	-1.021775179724829	300.0	valley	0	0.5307352700559428	2.0560927783337004e-05	-0.20186486714504176	-1.5738055858527389e-09	-1.573805377306451e-09
-1.4548738807166568	-1.0167751797248288	300.0	valley	0	0.5415659584319968	2.0980513618513178e-05	-0.1910341787689877	-1.5168263450826558e-09	-1.5168267292222618e-09
-1.449873880716657	-1.0117751797248289	300.0	valley	0	0.5523031156283145	2.139647601288835e-05	-0.18029702157266997	-1.4290102712255504e-09	-1.429009773983329e-09
-1.4448738807166568	-1.0067751797248288	300.0	valley	0	0.5628087122410823	2.1803467644051698e-05	-0.16979142495990218	-1.3160887796237475e-09	-1.3160891001139097e-09
-1.439873880716657	-1.0017751797248289	300.0	valley	0	0.5729604314354831	2.2196749901721875e-05	-0.15963970576550152	-1.1852883535778957e-09	-1.1852883789685554e-09
-1.4348738807166568	-0.9967751797248288	300.0	valley	0	0.5826562027819769	2.2572368530643963e-05	-0.1499439344190075	-1.0444576314938558e-09	-1.0444572104337778e-09
-1.4298738807166569	-0.9917751797248289	300.0	valley	0	0.5918159631937878	2.2927221850115385e-05	-0.1407841740071966	-9.012173229905329e-10	-9.012172822008143e-10
-1.4248738807166568	-0.9867751797248288	300.0	valley	0	0.6003813071322428	2.3259047202780288e-05	-0.1322188300687415	-7.622545233898492e-10	-7.622547402302837e-10
-1.4198738807166569	-0.9817751797248289	300.0	valley	0	0.6083139086548949	2.356635982405011e-05	-0.12428622854608982	-6.328434998259524e-10	-6.328434285328833e-10
-1.4148738807166568	-0.9767751797248287	300.0	valley	0	0.6155934917989206	2.3848374213825515e-05	-0.11700664540206368	-5.166263389311254e-10	-5.166264310408762e-10
-1.4098738807166569	-0.9717751797248289	300.0	valley	0	0.6222158228791596	2.4104926357201605e-05	-0.11038431432182483	-4.1563433250679793e-10	-4.156342682491845e-10
-1.4048738807166568	-0.9667751797248287	300.0	valley	0	0.6281908703334035	2.4336402436030455e-05	-0.10440926686758095	-3.304844314877542e-10	-3.304846408471937e-10
-1.3998738807166569	-0.9617751797248288	300.0	valley	0	0.63354105626834	2.454367109300903e-05	-0.09905908093264437	-2.60692842313226e-10	-2.6069290367906894e-10
-1.3948738807166567	-0.9567751797248287	300.0	valley	0	0.6382994560330894	2.4728013682332225e-05	-0.0943006811678952	-2.0502236020014664e-10	-2.0502237095746507e-10
-1.3898738807166569	-0.9517751797248288	300.0	valley	0	0.6425078566236753	2.4891049051391586e-05	-0.09009228057730925	-1.618159772842631e-10	-1.6181615887626854e-10
-1.3848738807166567	-0.9467751797248287	300.0	valley	0	0.6462146908255813	2.5034653508510403e-05	-0.08638544637540313	-1.2927223180803082e-10	-1.2927223798713617e-10
-1.3798738807166568	-0.9417751797248288	300.0	valley	0	0.6494729554675243	2.5160880175140132e-05	-0.08312718173346002	-1.0564475683150221e-10	-1.0564464803774343e-10
-1.3748738807166567	-0.9367751797248287	300.0	valley	0	0.6523382630935216	2.527188350674266e-05	-0.08026187410746291	-8.937030282485381e-11	-8.937070322664534e-11
-1.3698738807166568	-0.9317751797248288	300.0	valley	0	0.6548671638897939	2.5369854283468876e-05	-0.07773297331119045	-7.9135697994559e-11	-7.913569245326945e-11
-1.3648738807166567	-0.9267751797248287	300.0	valley	0	0.657115826553416	2.5456968506405193e-05	-0.07548431064756847	-7.389067135932237e-11	-7.389074909958275e-11
-1.3598738807166568	-0.9217751797248288	300.0	valley	0	0.6591391058670428	2.5535351274990773e-05	-0.0734610313339416	-7.283948444403165e-11	-7.28398682486361e-11
-1.3548738807166567	-0.9167751797248287	300.0	valley	0	0.6609899687198186	2.5607054550804294e-05	-0.07161016848116583	-7.540894297886069e-11	-7.54088228958468e-11
-1.3498738807166568	-0.9117751797248288	300.0	valley	0	0.662719208097236	2.56740460773999e-05	-0.06988092910374853	-8.120457084537236e-11	-8.120507503559322e-11
-1.3448738807166567	-0.9067751797248287	300.0	valley	0	0.6643753476496181	2.5738205683246463e-05	-0.06822478955136624	-8.997344536076923e-11	-8.997369591110333e-11
-1.3398738807166568	-0.9017751797248288	300.0	valley	0	0.6660046252484659	2.580132464469289e-05	-0.06659551195251873	-1.0155182250670691e-10	-1.0155187223336427e-10
-1.334873880716657	-0.8967751797248289	300.0	valley	0	0.6676509390113468	2.5865103594947576e-05	-0.06494919818963796	-1.1582236558727033e-10	-1.1582218756667344e-10
-1.3298738807166568	-0.8917751797248288	300.0	valley	0	0.6693556416120843	2.5931144555560833e-05	-0.06324449558890018	-1.3266426845959245e-10	-1.3266452642458827e-10
-1.3248738807166567	-0.8867751797248287	300.0	valley	0	0.6711570789288908	2.6000933063441915e-05	-0.06144305827209382	-1.5190640412221512e-10	-1.5190642347914143e-10
-1.3198738807166568	-0.8817751797248288	300.0	valley	0	0.6730897907260575	2.60758072049011e-05	-0.059510346474926985	-1.7327296542024584e-10	-1.7327303720739985e-10
-1.314873880716657	-0.8767751797248289	300.0	valley	0	0.6751833297001122	2.6156911864956202e-05	-0.05741680750087228	-1.9634024961412422e-10	-1.96340259235095e-10
-1.3098738807166568	-0.8717751797248288	300.0	valley	0	0.6774607164384199	2.6245138871720117e-05	-0.05513942076256468	-2.20496870761977e-10	-2.2049692471699635e-10
-1.3048738807166567	-0.8667751797248286	300.0	valley	0	0.6799366336467788	2.6341057039949682e-05	-0.05266350355420587	-2.4492519123953116e-10	-2.449250339472069e-10
-1.2998738807166568	-0.8617751797248288	300.0	valley	0	0.6826155670726569	2.644484014955919e-05	-0.0499845701283276	-2.686084965564106e-10	-2.686082753648473e-10
-1.2948738807166569	-0.8567751797248289	300.0	valley	0	0.6854902038589031	2.655620489710857e-05	-0.04710993334208145	-2.9037733328962645e-10	-2.9037759936337455e-10
-1.2898738807166568	-0.8517751797248287	300.0	valley	0	0.6885404690781056	2.667437357070254e-05	-0.04405966812287881	-3.089974942582785e-10	-3.089976282012925e-10
-1.2848738807166569	-0.8467751797248289	300.0	valley	0	0.6917335783627506	2.679807608890708e-05	-0.04086655883823394	-3.2328868748709993e-10	-3.232884138706955e-10
-1.2798738807166568	-0.8417751797248287	300.0	valley	0	0.6950253776928038	2.692560190473486e-05	-0.03757475950818071	-3.322653263637676e-10	-3.322655895959981e-10
-1.2748738807166569	-0.8367751797248288	300.0	valley	0	0.6983630280689149	2.7054904011116476e-05	-0.03423710913206967	-3.3527272624844784e-10	-3.3527278791300226e-10
-1.2698738807166567	-0.8317751797248287	300.0	valley	0	0.7016888135825385	2.718374646728351e-05	-0.030911323618446077	-3.3207663008294475e-10	-3.3207666722175945e-10
-1.2648738807166569	-0.8267751797248288	300.0	valley	0	0.7049445854614359	2.730987656312955e-05	-0.027655551739548628	-3.229013029182326e-10	-3.2290135586258945e-10
-1.2598738807166567	-0.8217751797248287	300.0	valley	0	0.7080761916976731	2.743119642503044e-05	-0.024523945503311335	-3.083933663994287e-10	-3.0839338199829483e-10
-1.2548738807166568	-0.8167751797248288	300.0	valley	0	0.7110372415857121	2.7545908855776586e-05	-0.021562895615272536	-2.895258338631024e-10	-2.8952585914722114e-10
-1.2498738807166567	-0.8117751797248287	300.0	valley	0	0.713791716934565	2.7652618494129388e-05	-0.018808420266419646	-2.674649807188345e-10	-2.67465257586608e-10
-1.2448738807166568	-0.8067751797248288	300.0	valley	0	0.7163152071924715	2.7750379664117775e-05	-0.016284930008512957	-2.4343023430350996e-10	-2.4343013170137343e-10
-1.2398738807166567	-0.8017751797248287	300.0	valley	0	0.7185948246242484	2.783869308896979e-05	-0.014005312576736114	-2.1856803866793229e-10	-2.185678944085963e-10
-1.2348738807166568	-0.7967751797248288	300.0	valley	0	0.7206280689330254	2.7917461906037928e-05	-0.011972068267959112	-1.9386628413720075e-10	-1.938664483207948e-10
-1.2298738807166567	-0.7917751797248287	300.0	valley	0	0.7224210178476094	2.7986921569323707e-05	-0.010179119353375291	-1.701059015868367e-10	-1.7010590704358672e-10
-1.2248738807166568	-0.7867751797248288	300.0	valley	0	0.7239862238348789	2.804755836715119e-05	-0.008613913366105664	-1.478461103543438e-10	-1.47846384078874e-10
-1.2198738807166567	-0.7817751797248287	300.0	valley	0	0.7253406286341066	2.810002863027011e-05	-0.007259508566877731	-1.2744237609663145e-10	-1.274427131144049e-10
-1.2148738807166568	-0.7767751797248288	300.0	valley	0	0.7265037065826987	2.8145086803443474e-05	-0.006096430618285837	-1.0907555414441106e-10	-1.0907525343424415e-10
-1.2098738807166567	-0.7717751797248287	300.0	valley	0	0.7274959475646715	2.818352667417575e-05	-0.005104189636313063	-9.278737500562073e-11	-9.278748210035963e-11
-1.2048738807166568	-0.7667751797248288	300.0	valley	0	0.7283377102201113	2.8216136945521355e-05	-0.004262426980873154	-7.852361816329534e-11	-7.852342143433386e-11
-1.1998738807166567	-0.7617751797248287	300.0	valley	0	0.7290484224006656	2.8243670261363685e-05	-0.003551714800318909	-6.616063252806725e-11	-6.616094013384584e-11
-1.1948738807166568	-0.7567751797248288	300.0	valley	0	0.7296460767929386	2.826682366663412e-05	-0.0029540604080460033	-5.553926762935646e-11	-5.5538840435274224e-11
-1.189873880716657	-0.7517751797248289	300.0	valley	0	0.7301469592094716	2.8286228081179987e-05	-0.0024531779915127425	-4.647750240227566e-11	-4.647745388978048e-11
-1.1848738807166568	-0.7467751797248288	300.0	valley	0	0.7305655486124428	2.8302444426636837e-05	-0.002034588588541686	-3.87937321155718e-11	-3.8793450704412215e-11
-1.1798738807166567	-0.7417751797248286	300.0	valley	0	0.7309145358876882	2.831596435374262e-05	-0.0016856013132962224	-3.2309280251219263e-11	-3.23095971660194e-11
-1.1748738807166568	-0.7367751797248288	300.0	valley	0	0.7312049187588883	2.8327213919356816e-05	-0.001395218442096221	-2.686059707990296e-11	-2.6860822229093326e-11
