# mu_eV	mu_minus_reference_eV	temperature_K	region	band_id	sigma_e2_over_h	sigma_S	delta_sigma_e2_over_h	electrons_per_cell	delta_electrons_per_cell
-1.4748738807166568	-1.0367751797248288	0.0	total	0	9.669857787141124e-10	3.746147257475287e-14	3.5127243128152408e-09	17.888888888888886	-0.11111111111111113
-1.469873880716657	-1.031775179724829	0.0	total	0	9.669857787141124e-10	3.746147257475287e-14	3.5127243128152408e-09	17.888888888888886	-0.11111111111111113
-1.4648738807166568	-1.0267751797248288	0.0	total	0	9.669857787141124e-10	3.746147257475287e-14	3.5127243128152408e-09	17.888888888888886	-0.11111111111111113
-1.459873880716657	-1.021775179724829	0.0	total	0	-4.877119169212195e-10	-1.889418335026624e-14	2.058026762896681e-09	17.97222222222222	-0.027777777777777776
-1.4548738807166568	-1.0167751797248288	0.0	total	0	-4.877119169212195e-10	-1.889418335026624e-14	2.058026762896681e-09	17.97222222222222	-0.027777777777777776
-1.449873880716657	-1.0117751797248289	0.0	total	0	-4.877119169212195e-10	-1.889418335026624e-14	2.058026762896681e-09	17.97222222222222	-0.027777777777777776
-1.4448738807166568	-1.0067751797248288	0.0	total	0	-4.877119169212195e-10	-1.889418335026624e-14	2.058026762896681e-09	17.97222222222222	-0.027777777777777776
-1.439873880716657	-1.0017751797248289	0.0	total	0	-4.877119169212195e-10	-1.889418335026624e-14	2.058026762896681e-09	17.97222222222222	-0.027777777777777776
-1.4348738807166568	-0.9967751797248288	0.0	total	0	-4.877119169212195e-10	-1.889418335026624e-14	2.058026762896681e-09	17.97222222222222	-0.027777777777777776
-1.4298738807166569	-0.9917751797248289	0.0	total	0	-4.877119169212195e-10	-1.889418335026624e-14	2.058026762896681e-09	17.97222222222222	-0.027777777777777776
-1.4248738807166568	-0.9867751797248288	0.0	total	0	-4.877119169212195e-10	-1.889418335026624e-14	2.058026762896681e-09	17.97222222222222	-0.027777777777777776
-1.4198738807166569	-0.9817751797248289	0.0	total	0	-1.7287886027862586e-09	-6.697406337965371e-14	8.16950354587398e-10	17.98611111111111	-0.013888888888888888
-1.4148738807166568	-0.9767751797248287	0.0	total	0	-1.7287886027862586e-09	-6.697406337965371e-14	8.16950354587398e-10	17.98611111111111	-0.013888888888888888
-1.4098738807166569	-0.9717751797248289	0.0	total	0	-1.7287886027862586e-09	-6.697406337965371e-14	8.16950354587398e-10	17.98611111111111	-0.013888888888888888
-1.4048738807166568	-0.9667751797248287	0.0	total	0	-1.7287886027862586e-09	-6.697406337965371e-14	8.16950354587398e-10	17.98611111111111	-0.013888888888888888
-1.3998738807166569	-0.9617751797248288	0.0	total	0	-1.7287886027862586e-09	-6.697406337965371e-14	8.16950354587398e-10	17.98611111111111	-0.013888888888888888
-1.3948738807166567	-0.9567751797248287	0.0	total	0	-1.7287886027862586e-09	-6.697406337965371e-14	8.16950354587398e-10	17.98611111111111	-0.013888888888888888
-1.3898738807166569	-0.9517751797248288	0.0	total	0	-1.7287886027862586e-09	-6.697406337965371e-14	8.16950354587398e-10	17.98611111111111	-0.013888888888888888
-1.3848738807166567	-0.9467751797248287	0.0	total	0	-1.7287886027862586e-09	-6.697406337965371e-14	8.16950354587398e-10	17.98611111111111	-0.013888888888888888
-1.3798738807166568	-0.9417751797248288	0.0	total	0	-1.7287886027862586e-09	-6.697406337965371e-14	8.16950354587398e-10	17.98611111111111	-0.013888888888888888
-1.3748738807166567	-0.9367751797248287	0.0	total	0	-1.7287886027862586e-09	-6.697406337965371e-14	8.16950354587398e-10	17.98611111111111	-0.013888888888888888
-1.3698738807166568	-0.9317751797248288	0.0	total	0	-1.7287886027862586e-09	-6.697406337965371e-14	8.16950354587398e-10	17.98611111111111	-0.013888888888888888
-1.3648738807166567	-0.9267751797248287	0.0	total	0	-1.7287886027862586e-09	-6.697406337965371e-14	8.16950354587398e-10	17.98611111111111	-0.013888888888888888
-1.3598738807166568	-0.9217751797248288	0.0	total	0	-1.7287886027862586e-09	-6.697406337965371e-14	8.16950354587398e-10	17.98611111111111	-0.013888888888888888
-1.3548738807166567	-0.9167751797248287	0.0	total	0	-1.7287886027862586e-09	-6.697406337965371e-14	8.16950354587398e-10	17.98611111111111	-0.013888888888888888
-1.3498738807166568	-0.9117751797248288	0.0	total	0	-1.7287886027862586e-09	-6.697406337965371e-14	8.16950354587398e-10	17.98611111111111	-0.013888888888888888
-1.3448738807166567	-0.9067751797248287	0.0	total	0	-1.7287886027862586e-09	-6.697406337965371e-14	8.16950354587398e-10	17.98611111111111	-0.013888888888888888
-1.3398738807166568	-0.9017751797248288	0.0	total	0	-1.7287886027862586e-09	-6.697406337965371e-14	8.16950354587398e-10	17.98611111111111	-0.013888888888888888
-1.334873880716657	-0.8967751797248289	0.0	total	0	-1.7287886027862586e-09	-6.697406337965371e-14	8.16950354587398e-10	17.98611111111111	-0.013888888888888888
-1.3298738807166568	-0.8917751797248288	0.0	total	0	-1.7287886027862586e-09	-6.697406337965371e-14	8.16950354587398e-10	17.98611111111111	-0.013888888888888888
-1.3248738807166567	-0.8867751797248287	0.0	total	0	-1.7287886027862586e-09	-6.697406337965371e-14	8.16950354587398e-10	17.98611111111111	-0.013888888888888888
-1.3198738807166568	-0.8817751797248288	0.0	total	0	-1.7287886027862586e-09	-6.697406337965371e-14	8.16950354587398e-10	17.98611111111111	-0.013888888888888888
-1.314873880716657	-0.8767751797248289	0.0	total	0	-1.7287886591647716e-09	-6.697406556378316e-14	8.16950354587398e-10	17.98611111111111	-0.013888888888888888
-1.3098738807166568	-0.8717751797248288	0.0	total	0	-1.7287886591647716e-09	-6.697406556378316e-14	8.16950354587398e-10	17.98611111111111	-0.013888888888888888
-1.3048738807166567	-0.8667751797248286	0.0	total	0	-1.7287886591647716e-09	-6.697406556378316e-14	8.16950354587398e-10	17.98611111111111	-0.013888888888888888
-1.2998738807166568	-0.8617751797248288	0.0	total	0	-1.7287886591647716e-09	-6.697406556378316e-14	8.16950354587398e-10	17.98611111111111	-0.013888888888888888
-1.2948738807166569	-0.8567751797248289	0.0	total	0	-1.7287886591647716e-09	-6.697406556378316e-14	8.16950354587398e-10	17.98611111111111	-0.013888888888888888
-1.2898738807166568	-0.8517751797248287	0.0	total	0	-1.7287886591647716e-09	-6.697406556378316e-14	8.16950354587398e-10	17.98611111111111	-0.013888888888888888
-1.2848738807166569	-0.8467751797248289	0.0	total	0	-1.7287886591647716e-09	-6.697406556378316e-14	8.16950354587398e-10	17.98611111111111	-0.013888888888888888
-1.2798738807166568	-0.8417751797248287	0.0	total	0	-1.7287886591647716e-09	-6.697406556378316e-14	8.16950354587398e-10	17.98611111111111	-0.013888888888888888
-1.2748738807166569	-0.8367751797248288	0.0	total	0	-2.545738833340928e-09	-9.862309000500788e-14	0.0	18.0	0.0
-1.2698738807166567	-0.8317751797248287	0.0	total	0	-2.545738833340928e-09	-9.862309000500788e-14	0.0	18.0	0.0
-1.2648738807166569	-0.8267751797248288	0.0	total	0	-2.545738833340928e-09	-9.862309000500788e-14	0.0	18.0	0.0
-1.2598738807166567	-0.8217751797248287	0.0	total	0	-2.545738833340928e-09	-9.862309000500788e-14	0.0	18.0	0.0
-1.2548738807166568	-0.8167751797248288	0.0	total	0	-2.545738833340928e-09	-9.862309000500788e-14	0.0	18.0	0.0
-1.2498738807166567	-0.8117751797248287	0.0	total	0	-2.545738833340928e-09	-9.862309000500788e-14	0.0	18.0	0.0
-1.2448738807166568	-0.8067751797248288	0.0	total	0	-2.545738833340928e-09	-9.862309000500788e-14	0.0	18.0	0.0
-1.2398738807166567	-0.8017751797248287	0.0	total	0	-2.545738833340928e-09	-9.862309000500788e-14	0.0	18.0	0.0
-1.2348738807166568	-0.7967751797248288	0.0	total	0	-2.545738833340928e-09	-9.862309000500788e-14	0.0	18.0	0.0
-1.2298738807166567	-0.7917751797248287	0.0	total	0	-2.545738833340928e-09	-9.862309000500788e-14	0.0	18.0	0.0
-1.2248738807166568	-0.7867751797248288	0.0	total	0	-2.545738833340928e-09	-9.862309000500788e-14	0.0	18.0	0.0
-1.2198738807166567	-0.7817751797248287	0.0	total	0	-2.545738833340928e-09	-9.862309000500788e-14	0.0	18.0	0.0
-1.2148738807166568	-0.7767751797248288	0.0	total	0	-2.545738833340928e-09	-9.862309000500788e-14	0.0	18.0	0.0
-1.2098738807166567	-0.7717751797248287	0.0	total	0	-2.545738833340928e-09	-9.862309000500788e-14	0.0	18.0	0.0
-1.2048738807166568	-0.7667751797248288	0.0	total	0	-2.545738833340928e-09	-9.862309000500788e-14	0.0	18.0	0.0
-1.1998738807166567	-0.7617751797248287	0.0	total	0	-2.545738833340928e-09	-9.862309000500788e-14	0.0	18.0	0.0
-1.1948738807166568	-0.7567751797248288	0.0	total	0	-2.545738833340928e-09	-9.862309000500788e-14	0.0	18.0	0.0
-1.189873880716657	-0.7517751797248289	0.0	total	0	-2.545738833340928e-09	-9.862309000500788e-14	0.0	18.0	0.0
-1.1848738807166568	-0.7467751797248288	0.0	total	0	-2.545738833340928e-09	-9.862309000500788e-14	0.0	18.0	0.0
-1.1798738807166567	-0.7417751797248286	0.0	total	0	-2.545738833340928e-09	-9.862309000500788e-14	0.0	18.0	0.0
-1.1748738807166568	-0.7367751797248288	0.0	total	0	-2.545738833340928e-09	-9.862309000500788e-14	0.0	18.0	0.0
-1.4748738807166568	-1.0367751797248288	0.0	K	0	0.22423430860425259	8.686939960241513e-06	-0.14299489565455958	1.5694444444444446	-0.055555555555555566
-1.469873880716657	-1.031775179724829	0.0	K	0	0.22423430860425259	8.686939960241513e-06	-0.14299489565455958	1.5694444444444446	-0.055555555555555566
-1.4648738807166568	-1.0267751797248288	0.0	K	0	0.22423430860425259	8.686939960241513e-06	-0.14299489565455958	1.5694444444444446	-0.055555555555555566
-1.459873880716657	-1.021775179724829	0.0	K	0	0.3088042169462566	1.1963216997341554e-05	-0.05842498731255561	1.6111111111111112	-0.013888888888888888
-1.4548738807166568	-1.0167751797248288	0.0	K	0	0.3088042169462566	1.1963216997341554e-05	-0.05842498731255561	1.6111111111111112	-0.013888888888888888
-1.449873880716657	-1.0117751797248289	0.0	K	0	0.3088042169462566	1.1963216997341554e-05	-0.05842498731255561	1.6111111111111112	-0.013888888888888888
-1.4448738807166568	-1.0067751797248288	0.0	K	0	0.3088042169462566	1.1963216997341554e-05	-0.05842498731255561	1.6111111111111112	-0.013888888888888888
-1.439873880716657	-1.0017751797248289	0.0	K	0	0.3088042169462566	1.1963216997341554e-05	-0.05842498731255561	1.6111111111111112	-0.013888888888888888
-1.4348738807166568	-0.9967751797248288	0.0	K	0	0.3088042169462566	1.1963216997341554e-05	-0.05842498731255561	1.6111111111111112	-0.013888888888888888
-1.4298738807166569	-0.9917751797248289	0.0	K	0	0.3088042169462566	1.1963216997341554e-05	-0.05842498731255561	1.6111111111111112	-0.013888888888888888
-1.4248738807166568	-0.9867751797248288	0.0	K	0	0.3088042169462566	1.1963216997341554e-05	-0.05842498731255561	1.6111111111111112	-0.013888888888888888
-1.4198738807166569	-0.9817751797248289	0.0	K	0	0.3350998688452995	1.2981922612393293e-05	-0.032129335413512664	1.6180555555555556	-0.006944444444444444
-1.4148738807166568	-0.9767751797248287	0.0	K	0	0.3350998688452995	1.2981922612393293e-05	-0.032129335413512664	1.6180555555555556	-0.006944444444444444
-1.4098738807166569	-0.9717751797248289	0.0	K	0	0.3350998688452995	1.2981922612393293e-05	-0.032129335413512664	1.6180555555555556	-0.006944444444444444
-1.4048738807166568	-0.9667751797248287	0.0	K	0	0.3350998688452995	1.2981922612393293e-05	-0.032129335413512664	1.6180555555555556	-0.006944444444444444
-1.3998738807166569	-0.9617751797248288	0.0	K	0	0.3350998688452995	1.2981922612393293e-05	-0.032129335413512664	1.6180555555555556	-0.006944444444444444
-1.3948738807166567	-0.9567751797248287	0.0	K	0	0.3350998688452995	1.2981922612393293e-05	-0.032129335413512664	1.6180555555555556	-0.006944444444444444
-1.3898738807166569	-0.9517751797248288	0.0	K	0	0.3350998688452995	1.2981922612393293e-05	-0.032129335413512664	1.6180555555555556	-0.006944444444444444
-1.3848738807166567	-0.9467751797248287	0.0	K	0	0.3350998688452995	1.2981922612393293e-05	-0.032129335413512664	1.6180555555555556	-0.006944444444444444
-1.3798738807166568	-0.9417751797248288	0.0	K	0	0.3350998688452995	1.2981922612393293e-05	-0.032129335413512664	1.6180555555555556	-0.006944444444444444
-1.3748738807166567	-0.9367751797248287	0.0	K	0	0.3350998688452995	1.2981922612393293e-05	-0.032129335413512664	1.6180555555555556	-0.006944444444444444
-1.3698738807166568	-0.9317751797248288	0.0	K	0	0.3350998688452995	1.2981922612393293e-05	-0.032129335413512664	1.6180555555555556	-0.006944444444444444
-1.3648738807166567	-0.9267751797248287	0.0	K	0	0.3350998688452995	1.2981922612393293e-05	-0.032129335413512664	1.6180555555555556	-0.006944444444444444
-1.3598738807166568	-0.9217751797248288	0.0	K	0	0.3350998688452995	1.2981922612393293e-05	-0.032129335413512664	1.6180555555555556	-0.006944444444444444
-1.3548738807166567	-0.9167751797248287	0.0	K	0	0.3350998688452995	1.2981922612393293e-05	-0.032129335413512664	1.6180555555555556	-0.006944444444444444
-1.3498738807166568	-0.9117751797248288	0.0	K	0	0.3350998688452995	1.2981922612393293e-05	-0.032129335413512664	1.6180555555555556	-0.006944444444444444
-1.3448738807166567	-0.9067751797248287	0.0	K	0	0.3350998688452995	1.2981922612393293e-05	-0.032129335413512664	1.6180555555555556	-0.006944444444444444
-1.3398738807166568	-0.9017751797248288	0.0	K	0	0.3350998688452995	1.2981922612393293e-05	-0.032129335413512664	1.6180555555555556	-0.006944444444444444
-1.334873880716657	-0.8967751797248289	0.0	K	0	0.3350998688452995	1.2981922612393293e-05	-0.032129335413512664	1.6180555555555556	-0.006944444444444444
-1.3298738807166568	-0.8917751797248288	0.0	K	0	0.3350998688452995	1.2981922612393293e-05	-0.032129335413512664	1.6180555555555556	-0.006944444444444444
-1.3248738807166567	-0.8867751797248287	0.0	K	0	0.3350998688452995	1.2981922612393293e-05	-0.032129335413512664	1.6180555555555556	-0.006944444444444444
-1.3198738807166568	-0.8817751797248288	0.0	K	0	0.3350998688452995	1.2981922612393293e-05	-0.032129335413512664	1.6180555555555556	-0.006944444444444444
-1.314873880716657	-0.8767751797248289	0.0	K	0	0.33509986884529946	1.2981922612393291e-05	-0.032129335413512664	1.6180555555555556	-0.006944444444444444
-1.3098738807166568	-0.8717751797248288	0.0	K	0	0.33509986884529946	1.2981922612393291e-05	-0.032129335413512664	1.6180555555555556	-0.006944444444444444
-1.3048738807166567	-0.8667751797248286	0.0	K	0	0.33509986884529946	1.2981922612393291e-05	-0.032129335413512664	1.6180555555555556	-0.006944444444444444
-1.2998738807166568	-0.8617751797248288	0.0	K	0	0.33509986884529946	1.2981922612393291e-05	-0.032129335413512664	1.6180555555555556	-0.006944444444444444
-1.2948738807166569	-0.8567751797248289	0.0	K	0	0.33509986884529946	1.2981922612393291e-05	-0.032129335413512664	1.6180555555555556	-0.006944444444444444
-1.2898738807166568	-0.8517751797248287	0.0	K	0	0.33509986884529946	1.2981922612393291e-05	-0.032129335413512664	1.6180555555555556	-0.006944444444444444
-1.2848738807166569	-0.8467751797248289	0.0	K	0	0.33509986884529946	1.2981922612393291e-05	-0.032129335413512664	1.6180555555555556	-0.006944444444444444
-1.2798738807166568	-0.8417751797248287	0.0	K	0	0.33509986884529946	1.2981922612393291e-05	-0.032129335413512664	1.6180555555555556	-0.006944444444444444
-1.2748738807166569	-0.8367751797248288	0.0	K	0	0.36722920425881217	1.4226627802410556e-05	0.0	1.625	0.0
-1.2698738807166567	-0.8317751797248287	0.0	K	0	0.36722920425881217	1.4226627802410556e-05	0.0	1.625	0.0
-1.2648738807166569	-0.8267751797248288	0.0	K	0	0.36722920425881217	1.4226627802410556e-05	0.0	1.625	0.0
-1.2598738807166567	-0.8217751797248287	0.0	K	0	0.36722920425881217	1.4226627802410556e-05	0.0	1.625	0.0
-1.2548738807166568	-0.8167751797248288	0.0	K	0	0.36722920425881217	1.4226627802410556e-05	0.0	1.625	0.0
-1.2498738807166567	-0.8117751797248287	0.0	K	0	0.36722920425881217	1.4226627802410556e-05	0.0	1.625	0.0
-1.2448738807166568	-0.8067751797248288	0.0	K	0	0.36722920425881217	1.4226627802410556e-05	0.0	1.625	0.0
-1.2398738807166567	-0.8017751797248287	0.0	K	0	0.36722920425881217	1.4226627802410556e-05	0.0	1.625	0.0
-1.2348738807166568	-0.7967751797248288	0.0	K	0	0.36722920425881217	1.4226627802410556e-05	0.0	1.625	0.0
-1.2298738807166567	-0.7917751797248287	0.0	K	0	0.36722920425881217	1.4226627802410556e-05	0.0	1.625	0.0
-1.2248738807166568	-0.7867751797248288	0.0	K	0	0.36722920425881217	1.4226627802410556e-05	0.0	1.625	0.0
-1.2198738807166567	-0.7817751797248287	0.0	K	0	0.36722920425881217	1.4226627802410556e-05	0.0	1.625	0.0
-1.2148738807166568	-0.7767751797248288	0.0	K	0	0.36722920425881217	1.4226627802410556e-05	0.0	1.625	0.0
-1.2098738807166567	-0.7717751797248287	0.0	K	0	0.36722920425881217	1.4226627802410556e-05	0.0	1.625	0.0
-1.2048738807166568	-0.7667751797248288	0.0	K	0	0.36722920425881217	1.4226627802410556e-05	0.0	1.625	0.0
-1.1998738807166567	-0.7617751797248287	0.0	K	0	0.36722920425881217	1.4226627802410556e-05	0.0	1.625	0.0
-1.1948738807166568	-0.7567751797248288	0.0	K	0	0.36722920425881217	1.4226627802410556e-05	0.0	1.625	0.0
-1.189873880716657	-0.7517751797248289	0.0	K	0	0.36722920425881217	1.4226627802410556e-05	0.0	1.625	0.0
-1.1848738807166568	-0.7467751797248288	0.0	K	0	0.36722920425881217	1.4226627802410556e-05	0.0	1.625	0.0
-1.1798738807166567	-0.7417751797248286	0.0	K	0	0.36722920425881217	1.4226627802410556e-05	0.0	1.625	0.0
-1.1748738807166568	-0.7367751797248288	0.0	K	0	0.36722920425881217	1.4226627802410556e-05	0.0	1.625	0.0
-1.4748738807166568	-1.0367751797248288	0.0	Kprime	0	-0.22423430656501436	-8.68693988124049e-06	0.1429948991672839	1.5694444444444446	-0.055555555555555566
-1.469873880716657	-1.031775179724829	0.0	Kprime	0	-0.22423430656501436	-8.68693988124049e-06	0.1429948991672839	1.5694444444444446	-0.055555555555555566
-1.4648738807166568	-1.0267751797248288	0.0	Kprime	0	-0.22423430656501436	-8.68693988124049e-06	0.1429948991672839	1.5694444444444446	-0.055555555555555566
-1.459873880716657	-1.021775179724829	0.0	Kprime	0	-0.3088042163617159	-1.1963216974696179e-05	0.058424989370582374	1.6111111111111112	-0.013888888888888888
-1.4548738807166568	-1.0167751797248288	0.0	Kprime	0	-0.3088042163617159	-1.1963216974696179e-05	0.058424989370582374	1.6111111111111112	-0.013888888888888888
-1.449873880716657	-1.0117751797248289	0.0	Kprime	0	-0.3088042163617159	-1.1963216974696179e-05	0.058424989370582374	1.6111111111111112	-0.013888888888888888
-1.4448738807166568	-1.0067751797248288	0.0	Kprime	0	-0.3088042163617159	-1.1963216974696179e-05	0.058424989370582374	1.6111111111111112	-0.013888888888888888
-1.439873880716657	-1.0017751797248289	0.0	Kprime	0	-0.3088042163617159	-1.1963216974696179e-05	0.058424989370582374	1.6111111111111112	-0.013888888888888888
-1.4348738807166568	-0.9967751797248288	0.0	Kprime	0	-0.3088042163617159	-1.1963216974696179e-05	0.058424989370582374	1.6111111111111112	-0.013888888888888888
-1.4298738807166569	-0.9917751797248289	0.0	Kprime	0	-0.3088042163617159	-1.1963216974696179e-05	0.058424989370582374	1.6111111111111112	-0.013888888888888888
-1.4248738807166568	-0.9867751797248288	0.0	Kprime	0	-0.3088042163617159	-1.1963216974696179e-05	0.058424989370582374	1.6111111111111112	-0.013888888888888888
-1.4198738807166569	-0.9817751797248289	0.0	Kprime	0	-0.3350998695018353	-1.298192263782779e-05	0.03212933623046302	1.6180555555555556	-0.006944444444444444
-1.4148738807166568	-0.9767751797248287	0.0	Kprime	0	-0.3350998695018353	-1.298192263782779e-05	0.03212933623046302	1.6180555555555556	-0.006944444444444444
-1.4098738807166569	-0.9717751797248289	0.0	Kprime	0	-0.3350998695018353	-1.298192263782779e-05	0.03212933623046302	1.6180555555555556	-0.006944444444444444
-1.4048738807166568	-0.9667751797248287	0.0	Kprime	0	-0.3350998695018353	-1.298192263782779e-05	0.03212933623046302	1.6180555555555556	-0.006944444444444444
-1.3998738807166569	-0.9617751797248288	0.0	Kprime	0	-0.3350998695018353	-1.298192263782779e-05	0.03212933623046302	1.6180555555555556	-0.006944444444444444
-1.3948738807166567	-0.9567751797248287	0.0	Kprime	0	-0.3350998695018353	-1.298192263782779e-05	0.03212933623046302	1.6180555555555556	-0.006944444444444444
-1.3898738807166569	-0.9517751797248288	0.0	Kprime	0	-0.3350998695018353	-1.298192263782779e-05	0.03212933623046302	1.6180555555555556	-0.006944444444444444
-1.3848738807166567	-0.9467751797248287	0.0	Kprime	0	-0.3350998695018353	-1.298192263782779e-05	0.03212933623046302	1.6180555555555556	-0.006944444444444444
-1.3798738807166568	-0.9417751797248288	0.0	Kprime	0	-0.3350998695018353	-1.298192263782779e-05	0.03212933623046302	1.6180555555555556	-0.006944444444444444
-1.3748738807166567	-0.9367751797248287	0.0	Kprime	0	-0.3350998695018353	-1.298192263782779e-05	0.03212933623046302	1.6180555555555556	-0.006944444444444444
-1.3698738807166568	-0.9317751797248288	0.0	Kprime	0	-0.3350998695018353	-1.298192263782779e-05	0.03212933623046302	1.6180555555555556	-0.006944444444444444
-1.3648738807166567	-0.9267751797248287	0.0	Kprime	0	-0.3350998695018353	-1.298192263782779e-05	0.03212933623046302	1.6180555555555556	-0.006944444444444444
-1.3598738807166568	-0.9217751797248288	0.0	Kprime	0	-0.3350998695018353	-1.298192263782779e-05	0.03212933623046302	1.6180555555555556	-0.006944444444444444
-1.3548738807166567	-0.9167751797248287	0.0	Kprime	0	-0.3350998695018353	-1.298192263782779e-05	0.03212933623046302	1.6180555555555556	-0.006944444444444444
-1.3498738807166568	-0.9117751797248288	0.0	Kprime	0	-0.3350998695018353	-1.298192263782779e-05	0.03212933623046302	1.6180555555555556	-0.006944444444444444
-1.3448738807166567	-0.9067751797248287	0.0	Kprime	0	-0.3350998695018353	-1.298192263782779e-05	0.03212933623046302	1.6180555555555556	-0.006944444444444444
-1.3398738807166568	-0.9017751797248288	0.0	Kprime	0	-0.3350998695018353	-1.298192263782779e-05	0.03212933623046302	1.6180555555555556	-0.006944444444444444
-1.334873880716657	-0.8967751797248289	0.0	Kprime	0	-0.3350998695018353	-1.298192263782779e-05	0.03212933623046302	1.6180555555555556	-0.006944444444444444
-1.3298738807166568	-0.8917751797248288	0.0	Kprime	0	-0.3350998695018353	-1.298192263782779e-05	0.03212933623046302	1.6180555555555556	-0.006944444444444444
-1.3248738807166567	-0.8867751797248287	0.0	Kprime	0	-0.3350998695018353	-1.298192263782779e-05	0.03212933623046302	1.6180555555555556	-0.006944444444444444
-1.3198738807166568	-0.8817751797248288	0.0	Kprime	0	-0.3350998695018353	-1.298192263782779e-05	0.03212933623046302	1.6180555555555556	-0.006944444444444444
-1.314873880716657	-0.8767751797248289	0.0	Kprime	0	-0.3350998695018352	-1.2981922637827785e-05	0.03212933623046302	1.6180555555555556	-0.006944444444444444
-1.3098738807166568	-0.8717751797248288	0.0	Kprime	0	-0.3350998695018352	-1.2981922637827785e-05	0.03212933623046302	1.6180555555555556	-0.006944444444444444
-1.3048738807166567	-0.8667751797248286	0.0	Kprime	0	-0.3350998695018352	-1.2981922637827785e-05	0.03212933623046302	1.6180555555555556	-0.006944444444444444
-1.2998738807166568	-0.8617751797248288	0.0	Kprime	0	-0.3350998695018352	-1.2981922637827785e-05	0.03212933623046302	1.6180555555555556	-0.006944444444444444
-1.2948738807166569	-0.8567751797248289	0.0	Kprime	0	-0.3350998695018352	-1.2981922637827785e-05	0.03212933623046302	1.6180555555555556	-0.006944444444444444
-1.2898738807166568	-0.8517751797248287	0.0	Kprime	0	-0.3350998695018352	-1.2981922637827785e-05	0.03212933623046302	1.6180555555555556	-0.006944444444444444
-1.2848738807166569	-0.8467751797248289	0.0	Kprime	0	-0.3350998695018352	-1.2981922637827785e-05	0.03212933623046302	1.6180555555555556	-0.006944444444444444
-1.2798738807166568	-0.8417751797248287	0.0	Kprime	0	-0.3350998695018352	-1.2981922637827785e-05	0.03212933623046302	1.6180555555555556	-0.006944444444444444
-1.2748738807166569	-0.8367751797248288	0.0	Kprime	0	-0.36722920573229817	-1.422662785949408e-05	0.0	1.625	0.0
-1.2698738807166567	-0.8317751797248287	0.0	Kprime	0	-0.36722920573229817	-1.422662785949408e-05	0.0	1.625	0.0
-1.2648738807166569	-0.8267751797248288	0.0	Kprime	0	-0.36722920573229817	-1.422662785949408e-05	0.0	1.625	0.0
-1.2598738807166567	-0.8217751797248287	0.0	Kprime	0	-0.36722920573229817	-1.422662785949408e-05	0.0	1.625	0.0
-1.2548738807166568	-0.8167751797248288	0.0	Kprime	0	-0.36722920573229817	-1.422662785949408e-05	0.0	1.625	0.0
-1.2498738807166567	-0.8117751797248287	0.0	Kprime	0	-0.36722920573229817	-1.422662785949408e-05	0.0	1.625	0.0
-1.2448738807166568	-0.8067751797248288	0.0	Kprime	0	-0.36722920573229817	-1.422662785949408e-05	0.0	1.625	0.0
-1.2398738807166567	-0.8017751797248287	0.0	Kprime	0	-0.36722920573229817	-1.422662785949408e-05	0.0	1.625	0.0
-1.2348738807166568	-0.7967751797248288	0.0	Kprime	0	-0.36722920573229817	-1.422662785949408e-05	0.0	1.625	0.0
-1.2298738807166567	-0.7917751797248287	0.0	Kprime	0	-0.36722920573229817	-1.422662785949408e-05	0.0	1.625	0.0
-1.2248738807166568	-0.7867751797248288	0.0	Kprime	0	-0.36722920573229817	-1.422662785949408e-05	0.0	1.625	0.0
-1.2198738807166567	-0.7817751797248287	0.0	Kprime	0	-0.36722920573229817	-1.422662785949408e-05	0.0	1.625	0.0
-1.2148738807166568	-0.7767751797248288	0.0	Kprime	0	-0.36722920573229817	-1.422662785949408e-05	0.0	1.625	0.0
-1.2098738807166567	-0.7717751797248287	0.0	Kprime	0	-0.36722920573229817	-1.422662785949408e-05	0.0	1.625	0.0
-1.2048738807166568	-0.7667751797248288	0.0	Kprime	0	-0.36722920573229817	-1.422662785949408e-05	0.0	1.625	0.0
-1.1998738807166567	-0.7617751797248287	0.0	Kprime	0	-0.36722920573229817	-1.422662785949408e-05	0.0	1.625	0.0
-1.1948738807166568	-0.7567751797248288	0.0	Kprime	0	-0.36722920573229817	-1.422662785949408e-05	0.0	1.625	0.0
-1.189873880716657	-0.7517751797248289	0.0	Kprime	0	-0.36722920573229817	-1.422662785949408e-05	0.0	1.625	0.0
-1.1848738807166568	-0.7467751797248288	0.0	Kprime	0	-0.36722920573229817	-1.422662785949408e-05	0.0	1.625	0.0
-1.1798738807166567	-0.7417751797248286	0.0	Kprime	0	-0.36722920573229817	-1.422662785949408e-05	0.0	1.625	0.0
-1.1748738807166568	-0.7367751797248288	0.0	Kprime	0	-0.36722920573229817	-1.422662785949408e-05	0.0	1.625	0.0
-1.4748738807166568	-1.0367751797248288	0.0	rest	0	-1.072252610547898e-09	-4.1539557920554376e-14	0.0	14.75	0.0
-1.469873880716657	-1.031775179724829	0.0	rest	0	-1.072252610547898e-09	-4.1539557920554376e-14	0.0	14.75	0.0
-1.4648738807166568	-1.0267751797248288	0.0	rest	0	-1.072252610547898e-09	-4.1539557920554376e-14	0.0	14.75	0.0
-1.459873880716657	-1.021775179724829	0.0	rest	0	-1.072252610547898e-09	-4.1539557920554376e-14	0.0	14.75	0.0
-1.4548738807166568	-1.0167751797248288	0.0	rest	0	-1.072252610547898e-09	-4.1539557920554376e-14	0.0	14.75	0.0
-1.449873880716657	-1.0117751797248289	0.0	rest	0	-1.072252610547898e-09	-4.1539557920554376e-14	0.0	14.75	0.0
-1.4448738807166568	-1.0067751797248288	0.0	rest	0	-1.072252610547898e-09	-4.1539557920554376e-14	0.0	14.75	0.0
-1.439873880716657	-1.0017751797248289	0.0	rest	0	-1.072252610547898e-09	-4.1539557920554376e-14	0.0	14.75	0.0
-1.4348738807166568	-0.9967751797248288	0.0	rest	0	-1.072252610547898e-09	-4.1539557920554376e-14	0.0	14.75	0.0
-1.4298738807166569	-0.9917751797248289	0.0	rest	0	-1.072252610547898e-09	-4.1539557920554376e-14	0.0	14.75	0.0
-1.4248738807166568	-0.9867751797248288	0.0	rest	0	-1.072252610547898e-09	-4.1539557920554376e-14	0.0	14.75	0.0
-1.4198738807166569	-0.9817751797248289	0.0	rest	0	-1.072252610547898e-09	-4.1539557920554376e-14	0.0	14.75	0.0
-1.4148738807166568	-0.9767751797248287	0.0	rest	0	-1.072252610547898e-09	-4.1539557920554376e-14	0.0	14.75	0.0
-1.4098738807166569	-0.9717751797248289	0.0	rest	0	-1.072252610547898e-09	-4.1539557920554376e-14	0.0	14.75	0.0
-1.4048738807166568	-0.9667751797248287	0.0	rest	0	-1.072252610547898e-09	-4.1539557920554376e-14	0.0	14.75	0.0
-1.3998738807166569	-0.9617751797248288	0.0	rest	0	-1.072252610547898e-09	-4.1539557920554376e-14	0.0	14.75	0.0
-1.3948738807166567	-0.9567751797248287	0.0	rest	0	-1.072252610547898e-09	-4.1539557920554376e-14	0.0	14.75	0.0
-1.3898738807166569	-0.9517751797248288	0.0	rest	0	-1.072252610547898e-09	-4.1539557920554376e-14	0.0	14.75	0.0
-1.3848738807166567	-0.9467751797248287	0.0	rest	0	-1.072252610547898e-09	-4.1539557920554376e-14	0.0	14.75	0.0
-1.3798738807166568	-0.9417751797248288	0.0	rest	0	-1.072252610547898e-09	-4.1539557920554376e-14	0.0	14.75	0.0
-1.3748738807166567	-0.9367751797248287	0.0	rest	0	-1.072252610547898e-09	-4.1539557920554376e-14	0.0	14.75	0.0
-1.3698738807166568	-0.9317751797248288	0.0	rest	0	-1.072252610547898e-09	-4.1539557920554376e-14	0.0	14.75	0.0
-1.3648738807166567	-0.9267751797248287	0.0	rest	0	-1.072252610547898e-09	-4.1539557920554376e-14	0.0	14.75	0.0
-1.3598738807166568	-0.9217751797248288	0.0	rest	0	-1.072252610547898e-09	-4.1539557920554376e-14	0.0	14.75	0.0
-1.3548738807166567	-0.9167751797248287	0.0	rest	0	-1.072252610547898e-09	-4.1539557920554376e-14	0.0	14.75	0.0
-1.3498738807166568	-0.9117751797248288	0.0	rest	0	-1.072252610547898e-09	-4.1539557920554376e-14	0.0	14.75	0.0
-1.3448738807166567	-0.9067751797248287	0.0	rest	0	-1.072252610547898e-09	-4.1539557920554376e-14	0.0	14.75	0.0
-1.3398738807166568	-0.9017751797248288	0.0	rest	0	-1.072252610547898e-09	-4.1539557920554376e-14	0.0	14.75	0.0
-1.334873880716657	-0.8967751797248289	0.0	rest	0	-1.072252610547898e-09	-4.1539557920554376e-14	0.0	14.75	0.0
-1.3298738807166568	-0.8917751797248288	0.0	rest	0	-1.072252610547898e-09	-4.1539557920554376e-14	0.0	14.75	0.0
-1.3248738807166567	-0.8867751797248287	0.0	rest	0	-1.072252610547898e-09	-4.1539557920554376e-14	0.0	14.75	0.0
-1.3198738807166568	-0.8817751797248288	0.0	rest	0	-1.072252610547898e-09	-4.1539557920554376e-14	0.0	14.75	0.0
-1.314873880716657	-0.8767751797248289	0.0	rest	0	-1.0722525559041084e-09	-4.153955580362891e-14	0.0	14.75	0.0
-1.3098738807166568	-0.8717751797248288	0.0	rest	0	-1.0722525559041084e-09	-4.153955580362891e-14	0.0	14.75	0.0
-1.3048738807166567	-0.8667751797248286	0.0	rest	0	-1.0722525559041084e-09	-4.153955580362891e-14	0.0	14.75	0.0
-1.2998738807166568	-0.8617751797248288	0.0	rest	0	-1.0722525559041084e-09	-4.153955580362891e-14	0.0	14.75	0.0
-1.2948738807166569	-0.8567751797248289	0.0	rest	0	-1.0722525559041084e-09	-4.153955580362891e-14	0.0	14.75	0.0
-1.2898738807166568	-0.8517751797248287	0.0	rest	0	-1.0722525559041084e-09	-4.153955580362891e-14	0.0	14.75	0.0
-1.2848738807166569	-0.8467751797248289	0.0	rest	0	-1.0722525559041084e-09	-4.153955580362891e-14	0.0	14.75	0.0
-1.2798738807166568	-0.8417751797248287	0.0	rest	0	-1.0722525559041084e-09	-4.153955580362891e-14	0.0	14.75	0.0
-1.2748738807166569	-0.8367751797248288	0.0	rest	0	-1.0722525559041084e-09	-4.153955580362891e-14	0.0	14.75	0.0
-1.2698738807166567	-0.8317751797248287	0.0	rest	0	-1.0722525559041084e-09	-4.153955580362891e-14	0.0	14.75	0.0
-1.2648738807166569	-0.8267751797248288	0.0	rest	0	-1.0722525559041084e-09	-4.153955580362891e-14	0.0	14.75	0.0
-1.2598738807166567	-0.8217751797248287	0.0	rest	0	-1.0722525559041084e-09	-4.153955580362891e-14	0.0	14.75	0.0
-1.2548738807166568	-0.8167751797248288	0.0	rest	0	-1.0722525559041084e-09	-4.153955580362891e-14	0.0	14.75	0.0
-1.2498738807166567	-0.8117751797248287	0.0	rest	0	-1.0722525559041084e-09	-4.153955580362891e-14	0.0	14.75	0.0
-1.2448738807166568	-0.8067751797248288	0.0	rest	0	-1.0722525559041084e-09	-4.153955580362891e-14	0.0	14.75	0.0
-1.2398738807166567	-0.8017751797248287	0.0	rest	0	-1.0722525559041084e-09	-4.153955580362891e-14	0.0	14.75	0.0
-1.2348738807166568	-0.7967751797248288	0.0	rest	0	-1.0722525559041084e-09	-4.153955580362891e-14	0.0	14.75	0.0
-1.2298738807166567	-0.7917751797248287	0.0	rest	0	-1.0722525559041084e-09	-4.153955580362891e-14	0.0	14.75	0.0
-1.2248738807166568	-0.7867751797248288	0.0	rest	0	-1.0722525559041084e-09	-4.153955580362891e-14	0.0	14.75	0.0
-1.2198738807166567	-0.7817751797248287	0.0	rest	0	-1.0722525559041084e-09	-4.153955580362891e-14	0.0	14.75	0.0
-1.2148738807166568	-0.7767751797248288	0.0	rest	0	-1.0722525559041084e-09	-4.153955580362891e-14	0.0	14.75	0.0
-1.2098738807166567	-0.7717751797248287	0.0	rest	0	-1.0722525559041084e-09	-4.153955580362891e-14	0.0	14.75	0.0
-1.2048738807166568	-0.7667751797248288	0.0	rest	0	-1.0722525559041084e-09	-4.153955580362891e-14	0.0	14.75	0.0
-1.1998738807166567	-0.7617751797248287	0.0	rest	0	-1.0722525559041084e-09	-4.153955580362891e-14	0.0	14.75	0.0
-1.1948738807166568	-0.7567751797248288	0.0	rest	0	-1.0722525559041084e-09	-4.153955580362891e-14	0.0	14.75	0.0
-1.189873880716657	-0.7517751797248289	0.0	rest	0	-1.0722525559041084e-09	-4.153955580362891e-14	0.0	14.75	0.0
-1.1848738807166568	-0.7467751797248288	0.0	rest	0	-1.0722525559041084e-09	-4.153955580362891e-14	0.0	14.75	0.0
-1.1798738807166567	-0.7417751797248286	0.0	rest	0	-1.0722525559041084e-09	-4.153955580362891e-14	0.0	14.75	0.0
-1.1748738807166568	-0.7367751797248288	0.0	rest	0	-1.0722525559041084e-09	-4.153955580362891e-14	0.0	14.75	0.0
-1.4748738807166568	-1.0367751797248288	0.0	valley	0	0.44846861516926706	1.7373879841482007e-05	-0.28598979482184345	0.0	3.469446951953614e-18
-1.469873880716657	-1.031775179724829	0.0	valley	0	0.44846861516926706	1.7373879841482007e-05	-0.28598979482184345	0.0	3.469446951953614e-18
-1.4648738807166568	-1.0267751797248288	0.0	valley	0	0.44846861516926706	1.7373879841482007e-05	-0.28598979482184345	0.0	3.469446951953614e-18
-1.459873880716657	-1.021775179724829	0.0	valley	0	0.6176084333079724	2.392643397203773e-05	-0.11684997668313798	0.0	0.0
-1.4548738807166568	-1.0167751797248288	0.0	valley	0	0.6176084333079724	2.392643397203773e-05	-0.11684997668313798	0.0	0.0
-1.449873880716657	-1.0117751797248289	0.0	valley	0	0.6176084333079724	2.392643397203773e-05	-0.11684997668313798	0.0	0.0
-1.4448738807166568	-1.0067751797248288	0.0	valley	0	0.6176084333079724	2.392643397203773e-05	-0.11684997668313798	0.0	0.0
-1.439873880716657	-1.0017751797248289	0.0	valley	0	0.6176084333079724	2.392643397203773e-05	-0.11684997668313798	0.0	0.0
-1.4348738807166568	-0.9967751797248288	0.0	valley	0	0.6176084333079724	2.392643397203773e-05	-0.11684997668313798	0.0	0.0
-1.4298738807166569	-0.9917751797248289	0.0	valley	0	0.6176084333079724	2.392643397203773e-05	-0.11684997668313798	0.0	0.0
-1.4248738807166568	-0.9867751797248288	0.0	valley	0	0.6176084333079724	2.392643397203773e-05	-0.11684997668313798	0.0	0.0
-1.4198738807166569	-0.9817751797248289	0.0	valley	0	0.6701997383471348	2.596384525022108e-05	-0.06425867164397568	0.0	0.0
-1.4148738807166568	-0.9767751797248287	0.0	valley	0	0.6701997383471348	2.596384525022108e-05	-0.06425867164397568	0.0	0.0
-1.4098738807166569	-0.9717751797248289	0.0	valley	0	0.6701997383471348	2.596384525022108e-05	-0.06425867164397568	0.0	0.0
-1.4048738807166568	-0.9667751797248287	0.0	valley	0	0.6701997383471348	2.596384525022108e-05	-0.06425867164397568	0.0	0.0
-1.3998738807166569	-0.9617751797248288	0.0	valley	0	0.6701997383471348	2.596384525022108e-05	-0.06425867164397568	0.0	0.0
-1.3948738807166567	-0.9567751797248287	0.0	valley	0	0.6701997383471348	2.596384525022108e-05	-0.06425867164397568	0.0	0.0
-1.3898738807166569	-0.9517751797248288	0.0	valley	0	0.6701997383471348	2.596384525022108e-05	-0.06425867164397568	0.0	0.0
-1.3848738807166567	-0.9467751797248287	0.0	valley	0	0.6701997383471348	2.596384525022108e-05	-0.06425867164397568	0.0	0.0
-1.3798738807166568	-0.9417751797248288	0.0	valley	0	0.6701997383471348	2.596384525022108e-05	-0.06425867164397568	0.0	0.0
-1.3748738807166567	-0.9367751797248287	0.0	valley	0	0.6701997383471348	2.596384525022108e-05	-0.06425867164397568	0.0	0.0
-1.3698738807166568	-0.9317751797248288	0.0	valley	0	0.6701997383471348	2.596384525022108e-05	-0.06425867164397568	0.0	0.0
-1.3648738807166567	-0.9267751797248287	0.0	valley	0	0.6701997383471348	2.596384525022108e-05	-0.06425867164397568	0.0	0.0
-1.3598738807166568	-0.9217751797248288	0.0	valley	0	0.6701997383471348	2.596384525022108e-05	-0.06425867164397568	0.0	0.0
-1.3548738807166567	-0.9167751797248287	0.0	valley	0	0.6701997383471348	2.596384525022108e-05	-0.06425867164397568	0.0	0.0
-1.3498738807166568	-0.9117751797248288	0.0	valley	0	0.6701997383471348	2.596384525022108e-05	-0.06425867164397568	0.0	0.0
-1.3448738807166567	-0.9067751797248287	0.0	valley	0	0.6701997383471348	2.596384525022108e-05	-0.06425867164397568	0.0	0.0
-1.3398738807166568	-0.9017751797248288	0.0	valley	0	0.6701997383471348	2.596384525022108e-05	-0.06425867164397568	0.0	0.0
-1.334873880716657	-0.8967751797248289	0.0	valley	0	0.6701997383471348	2.596384525022108e-05	-0.06425867164397568	0.0	0.0
-1.3298738807166568	-0.8917751797248288	0.0	valley	0	0.6701997383471348	2.596384525022108e-05	-0.06425867164397568	0.0	0.0
-1.3248738807166567	-0.8867751797248287	0.0	valley	0	0.6701997383471348	2.596384525022108e-05	-0.06425867164397568	0.0	0.0
-1.3198738807166568	-0.8817751797248288	0.0	valley	0	0.6701997383471348	2.596384525022108e-05	-0.06425867164397568	0.0	0.0
-1.314873880716657	-0.8767751797248289	0.0	valley	0	0.6701997383471345	2.596384525022107e-05	-0.06425867164397568	0.0	0.0
-1.3098738807166568	-0.8717751797248288	0.0	valley	0	0.6701997383471345	2.596384525022107e-05	-0.06425867164397568	0.0	0.0
-1.3048738807166567	-0.8667751797248286	0.0	valley	0	0.6701997383471345	2.596384525022107e-05	-0.06425867164397568	0.0	0.0
-1.2998738807166568	-0.8617751797248288	0.0	valley	0	0.6701997383471345	2.596384525022107e-05	-0.06425867164397568	0.0	0.0
-1.2948738807166569	-0.8567751797248289	0.0	valley	0	0.6701997383471345	2.596384525022107e-05	-0.06425867164397568	0.0	0.0
-1.2898738807166568	-0.8517751797248287	0.0	valley	0	0.6701997383471345	2.596384525022107e-05	-0.06425867164397568	0.0	0.0
-1.2848738807166569	-0.8467751797248289	0.0	valley	0	0.6701997383471345	2.596384525022107e-05	-0.06425867164397568	0.0	0.0
-1.2798738807166568	-0.8417751797248287	0.0	valley	0	0.6701997383471345	2.596384525022107e-05	-0.06425867164397568	0.0	0.0
-1.2748738807166569	-0.8367751797248288	0.0	valley	0	0.7344584099911102	2.845325566190463e-05	0.0	0.0	0.0
-1.2698738807166567	-0.8317751797248287	0.0	valley	0	0.7344584099911102	2.845325566190463e-05	0.0	0.0	0.0
-1.2648738807166569	-0.8267751797248288	0.0	valley	0	0.7344584099911102	2.845325566190463e-05	0.0	0.0	0.0
-1.2598738807166567	-0.8217751797248287	0.0	valley	0	0.7344584099911102	2.845325566190463e-05	0.0	0.0	0.0
-1.2548738807166568	-0.8167751797248288	0.0	valley	0	0.7344584099911102	2.845325566190463e-05	0.0	0.0	0.0
-1.2498738807166567	-0.8117751797248287	0.0	valley	0	0.7344584099911102	2.845325566190463e-05	0.0	0.0	0.0
-1.2448738807166568	-0.8067751797248288	0.0	valley	0	0.7344584099911102	2.845325566190463e-05	0.0	0.0	0.0
-1.2398738807166567	-0.8017751797248287	0.0	valley	0	0.7344584099911102	2.845325566190463e-05	0.0	0.0	0.0
-1.2348738807166568	-0.7967751797248288	0.0	valley	0	0.7344584099911102	2.845325566190463e-05	0.0	0.0	0.0
-1.2298738807166567	-0.7917751797248287	0.0	valley	0	0.7344584099911102	2.845325566190463e-05	0.0	0.0	0.0
-1.2248738807166568	-0.7867751797248288	0.0	valley	0	0.7344584099911102	2.845325566190463e-05	0.0	0.0	0.0
-1.2198738807166567	-0.7817751797248287	0.0	valley	0	0.7344584099911102	2.845325566190463e-05	0.0	0.0	0.0
-1.2148738807166568	-0.7767751797248288	0.0	valley	0	0.7344584099911102	2.845325566190463e-05	0.0	0.0	0.0
-1.2098738807166567	-0.7717751797248287	0.0	valley	0	0.7344584099911102	2.845325566190463e-05	0.0	0.0	0.0
-1.2048738807166568	-0.7667751797248288	0.0	valley	0	0.7344584099911102	2.845325566190463e-05	0.0	0.0	0.0
-1.1998738807166567	-0.7617751797248287	0.0	valley	0	0.7344584099911102	2.845325566190463e-05	0.0	0.0	0.0
-1.1948738807166568	-0.7567751797248288	0.0	valley	0	0.7344584099911102	2.845325566190463e-05	0.0	0.0	0.0
-1.189873880716657	-0.7517751797248289	0.0	valley	0	0.7344584099911102	2.845325566190463e-05	0.0	0.0	0.0
-1.1848738807166568	-0.7467751797248288	0.0	valley	0	0.7344584099911102	2.845325566190463e-05	0.0	0.0	0.0
-1.1798738807166567	-0.7417751797248286	0.0	valley	0	0.7344584099911102	2.845325566190463e-05	0.0	0.0	0.0
-1.1748738807166568	-0.7367751797248288	0.0	valley	0	0.7344584099911102	2.845325566190463e-05	0.0	0.0	0.0
-1.4748738807166568	-1.0367751797248288	300.0	total	0	-2.587997932818454e-09	-1.0026022690087441e-13	-4.2259076093997846e-11	17.917928761562543	-0.08207123843745955
-1.469873880716657	-1.031775179724829	300.0	total	0	-2.7428845590469895e-09	-1.062606058396134e-13	-1.9714617279395747e-10	17.92288662415439	-0.07711337584560693
-1.4648738807166568	-1.0267751797248288	300.0	total	0	-2.831573953872401e-09	-1.0969647367248032e-13	-2.858357461777738e-10	17.92786512877909	-0.07213487122091475
-1.459873880716657	-1.021775179724829	300.0	total	0	-2.8506047851824973e-09	-1.1043373680591126e-13	-3.048664099804373e-10	17.93281586695477	-0.06718413304523321
-1.4548738807166568	-1.0167751797248288	300.0	total	0	-2.802041669061102e-09	-1.085523794139283e-13	-2.5630294459630037e-10	17.937683889772273	-0.062316110227729635
-1.449873880716657	-1.0117751797248289	300.0	total	0	-2.6935215799915996e-09	-1.043482613907109e-13	-1.477830886247112e-10	17.942413079750747	-0.05758692024924872
-1.4448738807166568	-1.0067751797248288	300.0	total	0	-2.5374435002656637e-09	-9.830172499702329e-14	8.294980134693682e-12	17.946951072583577	-0.05304892741642894
-1.439873880716657	-1.0017751797248289	300.0	total	0	-2.3494546043492596e-09	-9.101894894824284e-14	1.9628410276129728e-10	17.95125307712627	-0.048746922873731655
-1.4348738807166568	-0.9967751797248288	300.0	total	0	-2.146539510918786e-09	-8.315792516187703e-14	3.9919894297744226e-10	17.955284237442584	-0.044715762557412136
-1.4298738807166569	-0.9917751797248289	300.0	total	0	-1.945071409546469e-09	-7.535295851150613e-14	6.006671832151471e-10	17.9590205241502	-0.040979475849800814
-1.4248738807166568	-0.9867751797248288	300.0	total	0	-1.7591392338207173e-09	-6.814986074622487e-14	7.865991298386491e-10	17.962448420744543	-0.03755157925546527
-1.4198738807166569	-0.9817751797248289	300.0	total	0	-1.5993938302174293e-09	-6.196125054351304e-14	9.463449566344844e-10	17.96556381380865	-0.03443618619134775
-1.4148738807166568	-0.9767751797248287	300.0	total	0	-1.4725050842341931e-09	-5.704552232668563e-14	1.0732331749482834e-09	17.96837049691975	-0.03162950308024826
-1.4098738807166569	-0.9717751797248289	300.0	total	0	-1.3812343056623298e-09	-5.350965050353128e-14	1.1645041256899682e-09	17.970878600638155	-0.029121399361849005
-1.4048738807166568	-0.9667751797248287	300.0	total	0	-1.324983067759419e-09	-5.13304517475806e-14	1.2207554093468006e-09	17.97310312932324	-0.026896870676761074
-1.3998738807166569	-0.9617751797248288	300.0	total	0	-1.300660692972009e-09	-5.0388191792875725e-14	1.2450780402715474e-09	17.975062673123492	-0.024937326876519218
-1.3948738807166567	-0.9567751797248287	300.0	total	0	-1.3036569350517672e-09	-5.050426758526994e-14	1.2420816163863733e-09	17.97677829635588	-0.023221703644128344
-1.3898738807166569	-0.9517751797248288	300.0	total	0	-1.3287573846252199e-09	-5.147667051404959e-14	1.2169810682574504e-09	17.97827258049228	-0.021727419507724173
-1.3848738807166567	-0.9467751797248287	300.0	total	0	-1.3708779258242225e-09	-5.3108439598656454e-14	1.174860592765936e-09	17.979568804298633	-0.020431195701369982
-1.3798738807166568	-0.9417751797248288	300.0	total	0	-1.4255708193991823e-09	-5.5227267380608746e-14	1.1201674163256467e-09	17.980690256314016	-0.019309743685992465
-1.3748738807166567	-0.9367751797248287	300.0	total	0	-1.4893078944107653e-09	-5.769647089952348e-14	1.056430938625577e-09	17.981659683233026	-0.018340316766980645
-1.3698738807166568	-0.9317751797248288	300.0	total	0	-1.559570472870698e-09	-6.041847541494498e-14	9.861680261781073e-10	17.982498877732628	-0.017501122267372535
-1.3648738807166567	-0.9267751797248287	300.0	total	0	-1.634817618986223e-09	-6.333358436751268e-14	9.109208976748748e-10	17.98322840266684	-0.01677159733317716
-1.3598738807166568	-0.9217751797248288	300.0	total	0	-1.7143626679018987e-09	-6.641519604578842e-14	8.313759296200508e-10	17.98386743933662	-0.016132560663382527
-1.3548738807166567	-0.9167751797248287	300.0	total	0	-1.798214859459796e-09	-6.966366840549185e-14	7.475235311353343e-10	17.984433739175085	-0.01556626082492455
-1.3498738807166568	-0.9117751797248288	300.0	total	0	-1.8869052444616012e-09	-7.30995745982464e-14	6.588333337726505e-10	17.98494365246175	-0.015056347538247118
-1.3448738807166567	-0.9067751797248287	300.0	total	0	-1.9813058838061714e-09	-7.675669866324393e-14	5.644327832565489e-10	17.985412204866297	-0.014587795133699611
-1.3398738807166568	-0.9017751797248288	300.0	total	0	-2.0824518268056163e-09	-8.067513888556021e-14	4.6328674407243413e-10	17.985853192123557	-0.01414680787645383
-1.334873880716657	-0.8967751797248289	300.0	total	0	-2.1913564720448893e-09	-8.489415479117094e-14	3.5438209502920087e-10	17.98627926419797	-0.013720735802032468
-1.3298738807166568	-0.8917751797248288	300.0	total	0	-2.308816239431387e-09	-8.94446000525661e-14	2.36922435343629e-10	17.986701972461187	-0.01329802753881709
-1.3248738807166567	-0.8867751797248287	300.0	total	0	-2.435202503145686e-09	-9.434086187583173e-14	1.1053607205516576e-10	17.98713175681538	-0.012868243184623736
-1.3198738807166568	-0.8817751797248288	300.0	total	0	-2.570245286169711e-09	-9.957248122746283e-14	-2.4506859447603486e-11	17.987577855099268	-0.01242214490071857
-1.314873880716657	-0.8767751797248289	300.0	total	0	-2.7128221876295235e-09	-1.0509597578281461e-13	-1.6708367039336648e-10	17.98804812570571	-0.011951874294283725
-1.3098738807166568	-0.8717751797248288	300.0	total	0	-2.860781573217554e-09	-1.1082799024196625e-13	-3.1504296152408967e-10	17.98854878732226	-0.011451212677740363
-1.3048738807166567	-0.8667751797248286	300.0	total	0	-3.0108447719725903e-09	-1.1664150738812015e-13	-4.6510622493565605e-10	17.98908409754628	-0.010915902453716328
-1.2998738807166568	-0.8617751797248288	300.0	total	0	-3.1586352431194495e-09	-1.223669780243483e-13	-6.128967920806362e-10	17.98965601357473	-0.01034398642526214
-1.2948738807166569	-0.8567751797248289	300.0	total	0	-3.2988799961686968e-09	-1.2780012408063653e-13	-7.531414535922759e-10	17.990263899372692	-0.009736100627315267
-1.2898738807166568	-0.8517751797248287	300.0	total	0	-3.425805840678075e-09	-1.327172895113819e-13	-8.800672311048839e-10	17.99090435805305	-0.009095641946941149
-1.2848738807166569	-0.8467751797248289	300.0	total	0	-3.5337101981244158e-09	-1.368975538091131e-13	-9.879719678449655e-10	17.99157126757731	-0.00842873242270535
-1.2798738807166568	-0.8417751797248287	300.0	total	0	-3.617633441492125e-09	-1.4014877874851653e-13	-1.071894909591492e-09	17.992256075947207	-0.007743924052770153
-1.2748738807166569	-0.8367751797248288	300.0	total	0	-3.6740046640781845e-09	-1.4233262576612327e-13	-1.1282660405676484e-09	17.99294836831012	-0.0070516316898813535
-1.2698738807166567	-0.8317751797248287	300.0	total	0	-3.7011342766415397e-09	-1.4338363939980596e-13	-1.1553957120583245e-09	17.993636661159506	-0.006363338840496468
-1.2648738807166569	-0.8267751797248288	300.0	total	0	-3.6994291560831607e-09	-1.4331758224732196e-13	-1.153690698840553e-09	17.9943093242981	-0.005690675701899084
-1.2598738807166567	-0.8217751797248287	300.0	total	0	-3.6712861414729016e-09	-1.4222730895354608e-13	-1.125547773989132e-09	17.994955497797626	-0.00504450220238145
-1.2548738807166568	-0.8167751797248288	300.0	total	0	-3.6206971876368606e-09	-1.4026746967934865e-13	-1.074958068087504e-09	17.995565871074806	-0.0044341289251961825
-1.2498738807166567	-0.8117751797248287	300.0	total	0	-3.5526624195322836e-09	-1.3763177155887734e-13	-1.0069238762903158e-09	17.99613322440833	-0.0038667755916710366
-1.2448738807166568	-0.8067751797248288	300.0	total	0	-3.472559855614096e-09	-1.3452856149370041e-13	-9.268212563022011e-10	17.996652687528893	-0.003347312471099144
-1.2398738807166567	-0.8017751797248287	300.0	total	0	-3.3855689010413385e-09	-1.3115849201520978e-13	-8.398302974166891e-10	17.997121726978083	-0.0028782730219251837
-1.2348738807166568	-0.7967751797248288	300.0	total	0	-3.296251866835821e-09	-1.276983091448912e-13	-7.505134790494926e-10	17.997539917558946	-0.002460082441062775
-1.2298738807166567	-0.7917751797248287	300.0	total	0	-3.208310172821182e-09	-1.2429140758436607e-13	-6.625713401780807e-10	17.997908575107346	-0.0020914248926655566
-1.2248738807166568	-0.7867751797248288	300.0	total	0	-3.1245001052711085e-09	-1.2104456712804588e-13	-5.787614057262298e-10	17.998230328533626	-0.0017696714663707493
-1.2198738807166567	-0.7817751797248287	300.0	total	0	-3.046680230549653e-09	-1.180297894893042e-13	-5.009416496376084e-10	17.9985086950483	-0.0014913049516893243
-1.2148738807166568	-0.7767751797248288	300.0	total	0	-2.9759297295604357e-09	-1.1528888263131288e-13	-4.3019115859839657e-10	17.998747701845527	-0.0012522981544799388
-1.2098738807166567	-0.7717751797248287	300.0	total	0	-2.9127048449194703e-09	-1.1283952160227164e-13	-3.6696615776878673e-10	17.998951577002675	-0.001048422997331444
-1.2048738807166568	-0.7667751797248288	300.0	total	0	-2.856998339182143e-09	-1.1068142602025671e-13	-3.1125976521012027e-10	17.999124515924287	-0.000875484075734601
-1.1998738807166567	-0.7617751797248287	300.0	total	0	-2.8084847684838546e-09	-1.0880198804068889e-13	-2.627465315560359e-10	17.999270518663685	-0.0007294813363205384
-1.1948738807166568	-0.7567751797248288	300.0	total	0	-2.7666405165951775e-09	-1.0718092253068394e-13	-2.2090195709301095e-10	17.999393287498304	-0.0006067125017052703
-1.189873880716657	-0.7517751797248289	300.0	total	0	-2.7308338719975426e-09	-1.0579375669627842e-13	-1.8509481769006774e-10	17.999496171993147	-0.0005038280068702165
-1.1848738807166568	-0.7467751797248288	300.0	total	0	-2.7003931920169955e-09	-1.0461447079223492e-13	-1.5465439907836336e-10	17.999582149103063	-0.0004178508969435195
-1.1798738807166567	-0.7417751797248286	300.0	total	0	-2.6746548723103705e-09	-1.0361735648193748e-13	-1.2891619092776326e-10	17.999653827487435	-0.00034617251257713704
-1.1748738807166568	-0.7367751797248288	300.0	total	0	-2.652989528067588e-09	-1.0277803110917671e-13	-1.0725105079375488e-10	17.99971346733075	-0.00028653266924920265
-1.4748738807166568	-1.0367751797248288	300.0	K	0	0.25843715583322335	1.0011973949004404e-05	-0.10879204842558805	1.5853888453142637	-0.039611154685736345
-1.469873880716657	-1.031775179724829	300.0	K	0	0.2631630874408287	1.0195058707028347e-05	-0.10406611681798274	1.587626812007609	-0.03737318799239101
-1.4648738807166568	-1.0267751797248288	300.0	K	0	0.2680423315496001	1.0384082861664134e-05	-0.09918687270921135	1.589914559386247	-0.035085440613752975
-1.459873880716657	-1.021775179724829	300.0	K	0	0.27301403635896837	1.0576688986248081e-05	-0.09421516789984308	1.5922218189266313	-0.032778181073368856
-1.4548738807166568	-1.0167751797248288	300.0	K	0	0.27801176506919084	1.0770303288686966e-05	-0.08921743918962062	1.5945158627015996	-0.03048413729840051
-1.449873880716657	-1.0117751797248289	300.0	K	0	0.2829683702713946	1.0962324447563936e-05	-0.08426083398741682	1.5967641184718393	-0.028235881528160773
-1.4448738807166568	-1.0067751797248288	300.0	K	0	0.2878204228429173	1.115029518957533e-05	-0.07940878141589412	1.5989365532852717	-0.026063446714728364
-1.439873880716657	-1.0017751797248289	300.0	K	0	0.2925116076261677	1.1332033839687152e-05	-0.07471759663264378	1.6010075053364523	-0.023992494663547446
-1.4348738807166568	-0.9967751797248288	300.0	K	0	0.29699480182348836	1.1505714839105317e-05	-0.0702344024353231	1.6029567897769814	-0.02204321022301835
-1.4298738807166569	-0.9917751797248289	300.0	K	0	0.3012328894685811	1.166990029827222e-05	-0.0659963147902303	1.6047700744422806	-0.020229925557719568
-1.4248738807166568	-0.9867751797248288	300.0	K	0	0.3051986179631712	1.1823534439031311e-05	-0.062030586295640275	1.6064386595936475	-0.01856134040635247
-1.4198738807166569	-0.9817751797248289	300.0	K	0	0.30887390175186585	1.1965916618671745e-05	-0.0583553025069456	1.6079588666160165	-0.017041133383983567
-1.4148738807166568	-0.9767751797248287	300.0	K	0	0.3122489269448052	1.209666664259922e-05	-0.05498027731400626	1.6093312405434543	-0.015668759456545382
-1.4098738807166569	-0.9717751797248289	300.0	K	0	0.3153212694479805	1.2215690600300025e-05	-0.05190793481083096	1.6105597222464538	-0.014440277753545812
-1.4048738807166568	-0.9667751797248287	300.0	K	0	0.31809508759365157	1.2323149587473124e-05	-0.04913411666515984	1.6116508801103817	-0.013349119889618016
-1.3998738807166569	-0.9617751797248288	300.0	K	0	0.3205803491298031	1.2419429759247143e-05	-0.04664885512900834	1.6126132347502247	-0.012386765249775153
-1.3948738807166567	-0.9567751797248287	300.0	K	0	0.322792023169853	1.2505111025941467e-05	-0.04443718108895849	1.613456676720783	-0.011543323279217152
-1.3898738807166569	-0.9517751797248288	300.0	K	0	0.32474919523276746	1.2580932769314406e-05	-0.042480009026044006	1.6141919657032862	-0.01080803429671355
-1.3848738807166567	-0.9467751797248287	300.0	K	0	0.32647411454669434	1.2647756934669e-05	-0.0407550897121171	1.614830301858126	-0.010169698141873951
-1.3798738807166568	-0.9417751797248288	300.0	K	0	0.32799122632015937	1.2706530540595316e-05	-0.03923797793865204	1.6153829664101689	-0.009617033589831082
-1.3748738807166567	-0.9367751797248287	300.0	K	0	0.3293262610173676	1.2758250397077917e-05	-0.03790294324144379	1.6158610327817502	-0.009138967218249935
-1.3698738807166568	-0.9317751797248288	300.0	K	0	0.3305054466373441	1.2803932588828486e-05	-0.036723757621467346	1.6162751496368484	-0.008724850363151496
-1.3648738807166567	-0.9267751797248287	300.0	K	0	0.3315548870623838	1.284458839221966e-05	-0.03567431719642758	1.6166353939472105	-0.008364606052789478
-1.3598738807166568	-0.9217751797248288	300.0	K	0	0.33250012056991035	1.2881207171831942e-05	-0.03472908368890109	1.6169511876342022	-0.008048812365798
-1.3548738807166567	-0.9167751797248287	300.0	K	0	0.3333658459525132	1.2914745770218333e-05	-0.03386335830629834	1.6172312672017013	-0.007768732798298503
-1.3498738807166568	-0.9117751797248288	300.0	K	0	0.3341757835746455	1.2946123125177076e-05	-0.03305342068416594	1.6174836929523888	-0.0075163070476111414
-1.3448738807166567	-0.9067751797248287	300.0	K	0	0.33495262582070684	1.2976218350087659e-05	-0.03227657843810457	1.6177158830067995	-0.007284116993200381
-1.3398738807166568	-0.9017751797248288	300.0	K	0	0.33571802453711974	1.3005870247411095e-05	-0.031511179721691714	1.6179346571251796	-0.00706534287482068
-1.334873880716657	-0.8967751797248289	300.0	K	0	0.3364925606190047	1.3035876130463763e-05	-0.030736643639806736	1.6181462758849294	-0.006853724115070453
-1.3298738807166568	-0.8917751797248288	300.0	K	0	0.3372956418958538	1.306698786746158e-05	-0.029933562362957612	1.6183564618703843	-0.006643538129615629
-1.3248738807166567	-0.8867751797248287	300.0	K	0	0.33814528023438906	1.3099903246382478e-05	-0.029083924024422426	1.6185703912540237	-0.0064296087459762
-1.3198738807166568	-0.8817751797248288	300.0	K	0	0.3390577089621445	1.3135251153780538e-05	-0.028171495296666956	1.6187926468649372	-0.006207353135062981
-1.314873880716657	-0.8767751797248289	300.0	K	0	0.3400468199659529	1.3173569767723163e-05	-0.02718238429285863	1.6190271281489295	-0.005972871851070705
-1.3098738807166568	-0.8717751797248288	300.0	K	0	0.34112342878007595	1.321527808696819e-05	-0.026105775478735542	1.6192769199262984	-0.005723080073701725
-1.3048738807166567	-0.8667751797248286	300.0	K	0	0.3422944165980225	1.3260642692108203e-05	-0.024934787660788927	1.619544130781705	-0.005455869218294999
-1.2998738807166568	-0.8617751797248288	300.0	K	0	0.3435618474192557	1.330974354342906e-05	-0.023667356839555745	1.6198297226522862	-0.005170277347713778
-1.2948738807166569	-0.8567751797248289	300.0	K	0	0.34492220746460894	1.3362444515514251e-05	-0.022306996794202488	1.6201333637878712	-0.004866636212128841
-1.2898738807166568	-0.8517751797248287	300.0	K	0	0.34636594715292945	1.3418375653210011e-05	-0.02086325710588205	1.6204533444262996	-0.004546655573700327
-1.2848738807166569	-0.8467751797248289	300.0	K	0	0.34787750458939337	1.347693408157341e-05	-0.019351699669418094	1.6207865942194828	-0.0042134057805172445
-1.2798738807166568	-0.8417751797248287	300.0	K	0	0.3494359389100608	1.3537308541930907e-05	-0.01779326534875063	1.6211288294795827	-0.0038711705204174367
-1.2748738807166569	-0.8367751797248288	300.0	K	0	0.35101620079096996	1.3598528611983361e-05	-0.01621300346784142	1.6214748364431764	-0.0035251635568235803
-1.2698738807166567	-0.8317751797248287	300.0	K	0	0.3525909351902874	1.3659534544863777e-05	-0.01463826906852404	1.621818868134015	-0.00318113186598489
-1.2648738807166569	-0.8267751797248288	300.0	K	0	0.35413258544388354	1.371925878276493e-05	-0.013096618814927916	1.6221551051485739	-0.002844894851426296
-1.2598738807166567	-0.8217751797248287	300.0	K	0	0.3556154906512574	1.3776707210632056e-05	-0.011613713607554007	1.6224781139745261	-0.002521886025473957
-1.2548738807166568	-0.8167751797248288	300.0	K	0	0.35701766815949687	1.3831028210409012e-05	-0.010211536099314565	1.6227832363957422	-0.0022167636042578097
-1.2498738807166567	-0.8117751797248287	300.0	K	0	0.3583220498893104	1.3881560556875777e-05	-0.008907154369501014	1.623066860141114	-0.0019331398588858832
-1.2448738807166568	-0.8067751797248288	300.0	K	0	0.35951706698435537	1.3927856067231596e-05	-0.007712137274456091	1.6233265480892793	-0.0016734519107206467
-1.2398738807166567	-0.8017751797248287	300.0	K	0	0.36059660936139093	1.396967803404933e-05	-0.006632594897420552	1.6235610318735805	-0.0014389681264196327
-1.2348738807166568	-0.7967751797248288	300.0	K	0	0.3615594877414201	1.4006980384115173e-05	-0.005669716517391388	1.6237700975460403	-0.0012299024539596125
-1.2298738807166567	-0.7917751797248287	300.0	K	0	0.3624085764825623	1.4039874471380992e-05	-0.004820627776249117	1.6239544019123897	-0.0010455980876105098
-1.2248738807166568	-0.7867751797248288	300.0	K	0	0.36314981725989653	1.4068590479064498e-05	-0.004079386998914868	1.624115258511235	-0.0008847414887648107
-1.2198738807166567	-0.7817751797248287	300.0	K	0	0.36379123121328466	1.4093439149802826e-05	-0.0034379730455268	1.6242544251924809	-0.0007455748075190426
-1.2148738807166568	-0.7767751797248288	300.0	K	0	0.3643420394783895	1.4114777714620823e-05	-0.0028871647804218957	1.6243739149307397	-0.0006260850692602339
-1.2098738807166567	-0.7717751797248287	300.0	K	0	0.36481194458921296	1.4132982054135782e-05	-0.002417259669598533	1.6244758412517724	-0.0005241587482277488
-1.2048738807166568	-0.7667751797248288	300.0	K	0	0.36521058725989614	1.4148425654035238e-05	-0.0020186169989153285	1.6245623014351362	-0.0004376985648636644
-1.1998738807166567	-0.7617751797248287	300.0	K	0	0.36554716764272466	1.4161464932438378e-05	-0.0016820366160868116	1.6246352951591903	-0.00036470484080992514
-1.1948738807166568	-0.7567751797248288	300.0	K	0	0.3658302063947566	1.4172429983507627e-05	-0.001398997864054867	1.6246966732755834	-0.0003033267244163659
-1.189873880716657	-0.7517751797248289	300.0	K	0	0.3660674159496924	1.418161959046184e-05	-0.0011617883091191523	1.624748110330285	-0.00025188966971486574
-1.1848738807166568	-0.7467751797248288	300.0	K	0	0.36626565313335185	1.4189299389878156e-05	-0.0009635511254595364	1.6247910946058035	-0.0002089053941964462
-1.1798738807166567	-0.7417751797248286	300.0	K	0	0.36643092802786004	1.419570221509462e-05	-0.0007982762309513433	1.6248269302711777	-0.0001730697288223498
-1.1748738807166568	-0.7367751797248288	300.0	K	0	0.3665684489023749	1.4201029836847182e-05	-0.0006607553564365226	1.6248567472862911	-0.00014325271370895258
-1.4748738807166568	-1.0367751797248288	300.0	Kprime	0	-0.25843715734270756	-1.0011974007482515e-05	0.10879204838958999	1.5853888468515995	-0.03961115314840068
-1.469873880716657	-1.031775179724829	300.0	Kprime	0	-0.26316308910622316	-1.0195058771546491e-05	0.1040661166260744	1.5876268135913034	-0.037373186408696635
-1.4648738807166568	-1.0267751797248288	300.0	Kprime	0	-0.2680423333045509	-1.0384082929651733e-05	0.0991868724277466	1.5899145609826546	-0.035085439017345364
-1.459873880716657	-1.021775179724829	300.0	Kprime	0	-0.27301403813368075	-1.0576689055001252e-05	0.0942151675986168	1.5922218205004366	-0.03277817949956348
-1.4548738807166568	-1.0167751797248288	300.0	Kprime	0	-0.27801176679595385	-1.0770303355582557e-05	0.08921743893634375	1.594515864218426	-0.03048413578157378
-1.449873880716657	-1.0117751797248289	300.0	Kprime	0	-0.28296837189015195	-1.0962324510275338e-05	0.0842608338421457	1.596764119900849	-0.028235880099150994
-1.4448738807166568	-1.0067751797248288	300.0	Kprime	0	-0.28782042430602583	-1.1150295246256825e-05	0.07940878142627177	1.5989365546013605	-0.02606344539863926
-1.439873880716657	-1.0017751797248289	300.0	Kprime	0	-0.29251160890164474	-1.1332033889099718e-05	0.0747175968306528	1.6010075065217408	-0.02399249347825906
-1.4348738807166568	-0.9967751797248288	300.0	Kprime	0	-0.2969948028963481	-1.1505714880668396e-05	0.07023440283594942	1.602956790821439	-0.022043209178561146
-1.4298738807166569	-0.9917751797248289	300.0	Kprime	0	-0.3012328903402197	-1.1669900332039898e-05	0.06599631539207784	1.6047700753434975	-0.020229924656502286
-1.4248738807166568	-0.9867751797248288	300.0	Kprime	0	-0.30519861864908265	-1.1823534465603834e-05	0.062030587083214926	1.606438660355902	-0.018561339644097726
-1.4198738807166569	-0.9817751797248289	300.0	Kprime	0	-0.30887390227820116	-1.1965916639062215e-05	0.05835530345409641	1.6079588672488598	-0.01704113275114014
-1.4148738807166568	-0.9767751797248287	300.0	Kprime	0	-0.31224892734439263	-1.209666665807942e-05	0.054980278387904834	1.609331241060081	-0.015668758939918953
-1.4098738807166569	-0.9717751797248289	300.0	Kprime	0	-0.31532126975641317	-1.2215690612248848e-05	0.05190793597588435	1.6105597226620885	-0.014440277337911542
-1.4048738807166568	-0.9667751797248287	300.0	Kprime	0	-0.31809508784592905	-1.2323149597246468e-05	0.04913411788636853	1.6116508804408665	-0.013349119559133373
-1.3998738807166569	-0.9617751797248288	300.0	Kprime	0	-0.3205803493578372	-1.2419429768081289e-05	0.046648856374460305	1.6126132350109177	-0.01238676498908225
-1.3948738807166567	-0.9567751797248287	300.0	Kprime	0	-0.3227920234009489	-1.2505111034894229e-05	0.04443718233134858	1.6134566769258052	-0.011543323074194783
-1.3898738807166569	-0.9517751797248288	300.0	Kprime	0	-0.32474919548901804	-1.258093277924167e-05	0.042480010243279485	1.6141919658651025	-0.010808034134897393
-1.3848738807166567	-0.9467751797248287	300.0	Kprime	0	-0.32647411484511013	-1.2647756946229764e-05	0.040755090887187484	1.6148303019873982	-0.010169698012601714
-1.3798738807166568	-0.9417751797248288	300.0	Kprime	0	-0.32799122667330516	-1.2706530554276346e-05	0.03923797905899244	1.6153829665158135	-0.009617033484186436
-1.3748738807166567	-0.9367751797248287	300.0	Kprime	0	-0.3293262614342801	-1.2758250413229298e-05	0.037902944298017355	1.6158610328711207	-0.009138967128879232
-1.3698738807166568	-0.9317751797248288	300.0	Kprime	0	-0.3305054471245446	-1.2803932607702857e-05	0.03672375860775296	1.6162751497159842	-0.008724850284015805
-1.3648738807166567	-0.9267751797248287	300.0	Kprime	0	-0.33155488762485213	-1.2844588414009941e-05	0.0356743181074454	1.6166353940211016	-0.008364605978898728
-1.3598738807166568	-0.9217751797248288	300.0	Kprime	0	-0.3325001212119407	-1.2881207196704493e-05	0.03472908452035693	1.6169511877070417	-0.008048812292958132
-1.3548738807166567	-0.9167751797248287	300.0	Kprime	0	-0.33336584667840985	-1.2914745798339903e-05	0.033863359053887744	1.6172312672771103	-0.00776873272288968
-1.3498738807166568	-0.9117751797248288	300.0	Kprime	0	-0.334175784389244	-1.2946123156734996e-05	0.033053421343053564	1.6174836930335936	-0.007516306966406066
-1.3448738807166567	-0.9067751797248287	300.0	Kprime	0	-0.3349526267297155	-1.297621838530307e-05	0.032276579002582094	1.617715883096773	-0.007284116903226685
-1.3398738807166568	-0.9017751797248288	300.0	Kprime	0	-0.3357180255472822	-1.3005870286545252e-05	0.03151118018501535	1.6179346572267312	-0.007065342773268809
-1.334873880716657	-0.8967751797248289	300.0	Kprime	0	-0.33649256173807834	-1.3035876173817191e-05	0.030736643994219232	1.618146276000752	-0.006853723999248264
-1.3298738807166568	-0.8917751797248288	300.0	Kprime	0	-0.33729564313239246	-1.3066987915365653e-05	0.0299335625999051	1.6183564620030488	-0.006643537996951103
-1.3248738807166567	-0.8867751797248287	300.0	Kprime	0	-0.3381452815973183	-1.3099903299182984e-05	0.029083924134979153	1.6185703914059302	-0.006429608594069777
-1.3198738807166568	-0.8817751797248288	300.0	Kprime	0	-0.33905771046012045	-1.3135251211812815e-05	0.028171495272177115	1.61879264703821	-0.006207352961789945
-1.314873880716657	-0.8767751797248289	300.0	Kprime	0	-0.34004682160650845	-1.3173569831279038e-05	0.027182384125788994	1.6190271283452695	-0.005972871654730445
-1.3098738807166568	-0.8717751797248288	300.0	Kprime	0	-0.3411234305685934	-1.3215278156256176e-05	0.026105775163704145	1.6192769201467951	-0.005723079853204798
-1.3048738807166567	-0.8667751797248286	300.0	Kprime	0	-0.3422944185366053	-1.326064276720979e-05	0.024934787195692233	1.61954413102663	-0.005455868973369964
-1.2998738807166568	-0.8617751797248288	300.0	Kprime	0	-0.34356184950563073	-1.3309743624256186e-05	0.023667356226666814	1.6198297229208949	-0.0051702770791055026
-1.2948738807166569	-0.8567751797248289	300.0	Kprime	0	-0.34492220969123	-1.3362444601774572e-05	0.022306996041067503	1.6201333640782485	-0.004866635921751242
-1.2898738807166568	-0.8517751797248287	300.0	Kprime	0	-0.3463659495064774	-1.341837574438754e-05	0.020863256225820158	1.6204533447352973	-0.0045466552647027
-1.2848738807166569	-0.8467751797248289	300.0	Kprime	0	-0.347877507050847	-1.3476934176931255e-05	0.019351698681450518	1.6207865945427713	-0.004213405457228833
-1.2798738807166568	-0.8417751797248287	300.0	Kprime	0	-0.34943594145543816	-1.3537308640539993e-05	0.017793264276859358	1.621128829811848	-0.0038711701881518476
-1.2748738807166569	-0.8367751797248288	300.0	Kprime	0	-0.3510162033927192	-1.3598528712776321e-05	0.016213002339578373	1.621474836778449	-0.003525163221550793
-1.2698738807166567	-0.8317751797248287	300.0	Kprime	0	-0.3525909378191668	-1.3659534646707771e-05	0.014638267913130791	1.6218188684660917	-0.003181131533908222
-1.2648738807166569	-0.8267751797248288	300.0	Kprime	0	-0.3541325880710583	-1.3719258884542884e-05	0.013096617661239249	1.622155105471475	-0.00284489452852494
-1.2598738807166567	-0.8217751797248287	300.0	Kprime	0	-0.3556154932502897	-1.3776707311319759e-05	0.011613712482007906	1.6224781142829192	-0.002521885717080575
-1.2548738807166568	-0.8167751797248288	300.0	Kprime	0	-0.3570176707079397	-1.3831028309136856e-05	0.01021153502435787	1.622783236685268	-0.002216763314731951
-1.2498738807166567	-0.8117751797248287	300.0	Kprime	0	-0.3583220523697192	-1.3881560652967953e-05	0.008907153362578274	1.6230668604085792	-0.0019331395914206255
-1.2448738807166568	-0.8067751797248288	300.0	Kprime	0	-0.35951706938466177	-1.3927856160220567e-05	0.007712136347635767	1.6233265483327095	-0.0016734516672905146
-1.2398738807166567	-0.8017751797248287	300.0	Kprime	0	-0.3605966116747066	-1.3969678123668238e-05	0.006632594057591025	1.6235610320921483	-0.0014389679078517384
-1.2348738807166568	-0.7967751797248288	300.0	Kprime	0	-0.361559489965419	-1.4006980470273909e-05	0.0056697157668785456	1.6237700977399068	-0.0012299022600931642
-1.2298738807166567	-0.7917751797248287	300.0	Kprime	0	-0.36240857861861925	-1.4039874554132818e-05	0.0048206271136783056	1.6239544020824956	-0.001045597917504603
-1.2248738807166568	-0.7867751797248288	300.0	Kprime	0	-0.3631498193121437	-1.4068590558569494e-05	0.004079386420153898	1.6241152586590815	-0.0008847413409184267
-1.2198738807166567	-0.7817751797248287	300.0	Kprime	0	-0.363791233187712	-1.4093439226293047e-05	0.003437972544585507	1.6242544253199236	-0.0007455746800763295
-1.2148738807166568	-0.7767751797248288	300.0	Kprime	0	-0.36434204138206655	-1.4114777788370145e-05	0.00288716435023103	1.6243739150398153	-0.0006260849601849804
-1.2098738807166567	-0.7717751797248287	300.0	Kprime	0	-0.36481194642966497	-1.4132982125435738e-05	0.002417259302632613	1.6244758413445597	-0.0005241586554402667
-1.2048738807166568	-0.7667751797248288	300.0	Kprime	0	-0.3652105890446418	-1.4148425723177105e-05	0.00201861668765576	1.6245623015136597	-0.00043769848634024296
-1.1998738807166567	-0.7617751797248287	300.0	Kprime	0	-0.36554716937895704	-1.4161464999700817e-05	0.001682036353340444	1.6246352952253509	-0.00036470477464898497
-1.1948738807166568	-0.7567751797248288	300.0	Kprime	0	-0.36583020808914446	-1.4172430049148989e-05	0.0013989976431530453	1.6246966733311228	-0.0003033266688775255
-1.189873880716657	-0.7517751797248289	300.0	Kprime	0	-0.366067417608273	-1.4181619654716012e-05	0.0011617881240244465	1.6247481103767625	-0.00025188962323741186
-1.1848738807166568	-0.7467751797248288	300.0	Kprime	0	-0.3662656547614923	-1.4189299452953064e-05	0.00096355097080523	1.6247910946445971	-0.00020890535540299548
-1.1798738807166567	-0.7417751797248286	300.0	Kprime	0	-0.36643092963026225	-1.4195702277172417e-05	0.0007982761020352256	1.624826930303487	-0.00017306969651275267
-1.1748738807166568	-0.7367751797248288	300.0	Kprime	0	-0.36656845048311204	-1.4201029898085664e-05	0.000660755249185533	1.6248567473131519	-0.0001432526868481303
-1.4748738807166568	-1.0367751797248288	300.0	rest	0	-1.0785134509642807e-09	-4.178210574981524e-14	-6.261009534221161e-12	14.747151069396674	-0.002848930603322468
-1.469873880716657	-1.031775179724829	300.0	rest	0	-1.077490208843803e-09	-4.174246488075863e-14	-5.237790256206804e-12	14.747632998555474	-0.0023670014445192644
-1.4648738807166568	-1.0267751797248288	300.0	rest	0	-1.0766232690987969e-09	-4.170887923741577e-14	-4.371017693529587e-12	14.748036008410194	-0.0019639915898164587
-1.459873880716657	-1.021775179724829	300.0	rest	0	-1.075892463637473e-09	-4.168056749866066e-14	-3.64010239839907e-12	14.748372227527698	-0.0016277724723009106
-1.4548738807166568	-1.0167751797248288	300.0	rest	0	-1.0752784366597062e-09	-4.1656779811918914e-14	-3.0260898282042533e-12	14.748652162852247	-0.0013478371477553288
-1.449873880716657	-1.0117751797248289	300.0	rest	0	-1.0747643961394179e-09	-4.163686564639861e-14	-2.511963813973654e-12	14.748884841378048	-0.0011151586219369678
-1.4448738807166568	-1.0067751797248288	300.0	rest	0	-1.0743350603071036e-09	-4.162023297934017e-14	-2.082628529208647e-12	14.749077964696937	-0.0009220353030612856
-1.439873880716657	-1.0017751797248289	300.0	rest	0	-1.0739773249993025e-09	-4.1606374149440897e-14	-1.7248955994746881e-12	14.749238065268075	-0.0007619347319251813
-1.4348738807166568	-0.9967751797248288	300.0	rest	0	-1.0736798209420621e-09	-4.159484870581337e-14	-1.4273991574008092e-12	14.749370656844167	-0.0006293431558326345
-1.4298738807166569	-0.9917751797248289	300.0	rest	0	-1.0734329536893312e-09	-4.158528495521708e-14	-1.1803852995715603e-12	14.749480374364433	-0.0005196256355789429
-1.4248738807166568	-0.9867751797248288	300.0	rest	0	-1.0732281003739802e-09	-4.157734884382455e-14	-9.755373752749463e-13	14.749571100794993	-0.0004288992050151044
-1.4198738807166569	-0.9817751797248289	300.0	rest	0	-1.073058299502413e-09	-4.157077068018098e-14	-8.058554900679718e-13	14.749646079943775	-0.00035392005622404677
-1.4148738807166568	-0.9767751797248287	300.0	rest	0	-1.0729178320586004e-09	-4.156532890698238e-14	-6.654038938833058e-13	14.749708015316209	-0.0002919846837839194
-1.4098738807166569	-0.9717751797248289	300.0	rest	0	-1.0728016373678293e-09	-4.15608274713693e-14	-5.492553867181175e-13	14.74975915572959	-0.00024084427039165344
-1.4048738807166568	-0.9667751797248287	300.0	rest	0	-1.0727057298506394e-09	-4.155711197016544e-14	-4.5326397649246773e-13	14.74980136877199	-0.00019863122800968478
-1.3998738807166569	-0.9617751797248288	300.0	rest	0	-1.0726265180958518e-09	-4.155404327045455e-14	-3.7394965723822985e-13	14.749836203362344	-0.0001637966376618114
-1.3948738807166567	-0.9567751797248287	300.0	rest	0	-1.0725610148738743e-09	-4.155150564559214e-14	-3.0846326661058666e-13	14.749864942709284	-0.00013505729071641064
-1.3898738807166569	-0.9517751797248288	300.0	rest	0	-1.0725067805559119e-09	-4.154940458323974e-14	-2.544062889025635e-13	14.749888648923891	-0.0001113510761132408
-1.3848738807166567	-0.9467751797248287	300.0	rest	0	-1.072462355791705e-09	-4.1547683547498976e-14	-2.0979156843263364e-13	14.749908200453115	-9.179954689428922e-05
-1.3798738807166568	-0.9417751797248288	300.0	rest	0	-1.072425417588987e-09	-4.1546252544584e-14	-1.7298481151690845e-13	14.749924323388022	-7.567661197494172e-05
-1.3748738807166567	-0.9367751797248287	300.0	rest	0	-1.0723951123355358e-09	-4.154507850516582e-14	-1.4262498016066198e-13	14.749937617580162	-6.238241985148249e-05
-1.3698738807166568	-0.9317751797248288	300.0	rest	0	-1.072369970706811e-09	-4.1544104506937825e-14	-1.1758060270715884e-13	14.749948578379795	-5.142162020522159e-05
-1.3648738807166567	-0.9267751797248287	300.0	rest	0	-1.0723494913567223e-09	-4.1543311127522555e-14	-9.693386023768577e-14	14.74995761469852	-4.23853014889713e-05
-1.3598738807166568	-0.9217751797248288	300.0	rest	0	-1.072332516636383e-09	-4.1542653519071164e-14	-7.990149296563445e-14	14.749965063995376	-3.493600462638707e-05
-1.3548738807166567	-0.9167751797248287	300.0	rest	0	-1.0723183221362178e-09	-4.1542103617624464e-14	-6.587118747089217e-14	14.749971204696257	-2.8795303736361855e-05
-1.3498738807166568	-0.9117751797248288	300.0	rest	0	-1.0723068279629326e-09	-4.1541658328079605e-14	-5.4292555813664606e-14	14.749976266475773	-2.373352422991883e-05
-1.3448738807166567	-0.9067751797248287	300.0	rest	0	-1.0722971821622726e-09	-4.1541284645337996e-14	-4.4755408403360715e-14	14.749980438762737	-1.9561237272535195e-05
-1.3398738807166568	-0.9017751797248288	300.0	rest	0	-1.0722894008760656e-09	-4.154098319474145e-14	-3.6884786420402587e-14	14.749983877771639	-1.6122228364335287e-05
-1.334873880716657	-0.8967751797248289	300.0	rest	0	-1.0722827217118452e-09	-4.154072444085616e-14	-3.039915291215211e-14	14.749986712312301	-1.3287687713745223e-05
-1.3298738807166568	-0.8917751797248288	300.0	rest	0	-1.072277534668352e-09	-4.15405234924122e-14	-2.5061268275328168e-14	14.749989048587754	-1.09514122503638e-05
-1.3248738807166567	-0.8867751797248287	300.0	rest	0	-1.0722732892129129e-09	-4.1540359021521316e-14	-2.065136708262512e-14	14.74999097415543	-9.025844577754414e-06
-1.3198738807166568	-0.8817751797248288	300.0	rest	0	-1.072269542722256e-09	-4.1540213880754944e-14	-1.7019595423664593e-14	14.749992561196123	-7.438803865639744e-06
-1.314873880716657	-0.8767751797248289	300.0	rest	0	-1.0722664408226414e-09	-4.154009371174118e-14	-1.4029714228906319e-14	14.749993869211517	-6.1307884825768576e-06
-1.3098738807166568	-0.8717751797248288	300.0	rest	0	-1.0722638504059207e-09	-4.1539993357809333e-14	-1.156545081154235e-14	14.749994947249169	-5.052750833833125e-06
-1.3048738807166567	-0.8667751797248286	300.0	rest	0	-1.072261866658356e-09	-4.1539916506518835e-14	-9.527318776558843e-15	14.749995835737945	-4.1642620513589435e-06
-1.2998738807166568	-0.8617751797248288	300.0	rest	0	-1.0722604202122605e-09	-4.153986047053368e-14	-7.852344945741711e-15	14.749996568001563	-3.431998442861056e-06
-1.2948738807166569	-0.8567751797248289	300.0	rest	0	-1.0722590807444479e-09	-4.1539808578936273e-14	-6.466628068013399e-15	14.749997171506577	-2.8284934351800615e-06
-1.2898738807166568	-0.8517751797248287	300.0	rest	0	-1.0722577897851353e-09	-4.153975856658041e-14	-5.337850544432572e-15	14.749997668891455	-2.331108538136278e-06
-1.2848738807166569	-0.8467751797248289	300.0	rest	0	-1.0722568236661713e-09	-4.153972113868863e-14	-4.39684473794793e-15	14.749998078815054	-1.921184959264892e-06
-1.2798738807166568	-0.8417751797248287	300.0	rest	0	-1.072256226934294e-09	-4.1539698021022016e-14	-3.624877431144991e-15	14.749998416655783	-1.5833442008745691e-06
-1.2748738807166569	-0.8367751797248288	300.0	rest	0	-1.0722554591113766e-09	-4.153966827521003e-14	-2.9862537750157276e-15	14.749998695088498	-1.3049115069798062e-06
-1.2698738807166567	-0.8317751797248287	300.0	rest	0	-1.0722549402000255e-09	-4.153964817234629e-14	-2.4605465041353492e-15	14.74999892455941	-1.0754406033584147e-06
-1.2648738807166569	-0.8267751797248288	300.0	rest	0	-1.0722544560736562e-09	-4.1539629417068706e-14	-2.0308088242450193e-15	14.749999113678056	-8.863219478478681e-07
-1.2598738807166567	-0.8217751797248287	300.0	rest	0	-1.0722541518477128e-09	-4.153961763121612e-14	-1.673942640156307e-15	14.749999269540181	-7.304598269113597e-07
-1.2548738807166568	-0.8167751797248288	300.0	rest	0	-1.072253953418649e-09	-4.153960994398318e-14	-1.3784362833907832e-15	14.749999397993786	-6.020062064194092e-07
-1.2498738807166567	-0.8117751797248287	300.0	rest	0	-1.072253485729648e-09	-4.1539591825496776e-14	-1.1335107277129793e-15	14.749999503858628	-4.961413645281618e-07
-1.2448738807166568	-0.8067751797248288	300.0	rest	0	-1.0722534852825895e-09	-4.1539591808177524e-14	-9.31188785286239e-16	14.749999591106912	-4.0889308798330925e-07
-1.2398738807166567	-0.8017751797248287	300.0	rest	0	-1.0722531953814923e-09	-4.153958057727606e-14	-7.705607850528894e-16	14.749999663012348	-3.3698765381159093e-07
-1.2348738807166568	-0.7967751797248288	300.0	rest	0	-1.0722530761511319e-09	-4.153957595823721e-14	-6.364558817696032e-16	14.749999722272998	-2.7772700999971756e-07
-1.2298738807166567	-0.7917751797248287	300.0	rest	0	-1.0722529528287445e-09	-4.153957118067136e-14	-5.292678464427321e-16	14.74999977111245	-2.288875504413462e-07
-1.2248738807166568	-0.7867751797248288	300.0	rest	0	-1.0722531218072626e-09	-4.1539577726976654e-14	-4.330677524744682e-16	14.749999811363313	-1.8863668751316011e-07
-1.2198738807166567	-0.7817751797248287	300.0	rest	0	-1.072252775684673e-09	-4.153956431802879e-14	-3.546974110048885e-16	14.74999984453591	-1.554640939522115e-07
-1.2148738807166568	-0.7767751797248288	300.0	rest	0	-1.072252874518655e-09	-4.153956814690258e-14	-2.935952556161912e-16	14.749999871874975	-1.281250347258626e-07
-1.2098738807166567	-0.7717751797248287	300.0	rest	0	-1.0722526098615605e-09	-4.153955789396535e-14	-2.3855742772855647e-16	14.74999989440634	-1.0559366342937685e-07
-1.2048738807166568	-0.7667751797248288	300.0	rest	0	-1.0722526268522492e-09	-4.1539558552192425e-14	-1.970061789687747e-16	14.74999991297547	-8.702453069329017e-08
-1.1998738807166567	-0.7617751797248287	300.0	rest	0	-1.0722526104388846e-09	-4.153955791633115e-14	-1.6415319779089173e-16	14.749999928279141	-7.172086162827324e-08
-1.1948738807166568	-0.7567751797248288	300.0	rest	0	-1.072252692103905e-09	-4.15395610800715e-14	-1.3511172291007798e-16	14.7499999408916	-5.910841137895572e-08
-1.189873880716657	-0.7517751797248289	300.0	rest	0	-1.0722525719184219e-09	-4.153955642403076e-14	-1.1175351320813943e-16	14.749999951286094	-4.8713917938593105e-08
-1.1848738807166568	-0.7467751797248288	300.0	rest	0	-1.072252514182984e-09	-4.1539554187333415e-14	-9.25998183159378e-17	14.749999959852659	-4.0147344077819444e-08
-1.1798738807166567	-0.7417751797248286	300.0	rest	0	-1.0722524948562442e-09	-4.1539553438606654e-14	-7.333582713989576e-17	14.749999966912766	-3.30872420347077e-08
-1.1748738807166568	-0.7367751797248288	300.0	rest	0	-1.0722524590496314e-09	-4.1539552051442046e-14	-6.069837939597606e-17	14.74999997273131	-2.7268692119677552e-08
-1.4748738807166568	-1.0367751797248288	300.0	valley	0	0.5168743131759309	2.002394795648692e-05	-0.21758409681517807	-1.5373357586945247e-09	-1.537335665507348e-09
-1.469873880716657	-1.031775179724829	300.0	valley	0	0.5263261765470518	2.0390117478574835e-05	-0.20813223344405712	-1.583694286821924e-09	-1.5836943760653152e-09
-1.4648738807166568	-1.0267751797248288	300.0	valley	0	0.536084664854151	2.0768165791315865e-05	-0.19837374513695794	-1.5964075478214212e-09	-1.5964076244880674e-09
-1.459873880716657	-1.021775179724829	300.0	valley	0	0.5460280744926491	2.1153378041249335e-05	-0.18843033549845992	-1.5738055858527389e-09	-1.573805377306451e-09
-1.4548738807166568	-1.0167751797248288	300.0	valley	0	0.5560235318651446	2.154060664426952e-05	-0.17843487812596434	-1.5168263450826558e-09	-1.5168267292222618e-09
-1.449873880716657	-1.0117751797248289	300.0	valley	0	0.5659367421615467	2.1924648957839278e-05	-0.16852166782956252	-1.4290102712255504e-09	-1.429009773983329e-09
-1.4448738807166568	-1.0067751797248288	300.0	valley	0	0.575640847148943	2.230059043583215e-05	-0.1588175628421659	-1.3160887796237475e-09	-1.3160891001139097e-09
-1.439873880716657	-1.0017751797248289	300.0	valley	0	0.5850232165278123	2.2664067728786865e-05	-0.14943519346329662	-1.1852883535778957e-09	-1.1852883789685554e-09
-1.4348738807166568	-0.9967751797248288	300.0	valley	0	0.5939896047198366	2.301142971977372e-05	-0.14046880527127256	-1.0444576314938558e-09	-1.0444572104337778e-09
-1.4298738807166569	-0.9917751797248289	300.0	valley	0	0.6024657798088009	2.333980063031212e-05	-0.13199263018230814	-9.012173229905329e-10	-9.012172822008143e-10
-1.4248738807166568	-0.9867751797248288	300.0	valley	0	0.6103972366122538	2.364706890463514e-05	-0.1240611733788552	-7.622545233898492e-10	-7.622547402302837e-10
-1.4198738807166569	-0.9817751797248289	300.0	valley	0	0.617747804030067	2.3931833257733962e-05	-0.11671060596104199	-6.328434998259524e-10	-6.328434285328833e-10
-1.4148738807166568	-0.9767751797248287	300.0	valley	0	0.6244978542891979	2.4193333300678642e-05	-0.1099605557019111	-5.166263389311254e-10	-5.166264310408762e-10
-1.4098738807166569	-0.9717751797248289	300.0	valley	0	0.6306425392043937	2.4431381212548874e-05	-0.10381587078671531	-4.1563433250679793e-10	-4.156342682491845e-10
-1.4048738807166568	-0.9667751797248287	300.0	valley	0	0.6361901754395806	2.464629918471959e-05	-0.0982682345515284	-3.304844314877542e-10	-3.304846408471937e-10
-1.3998738807166569	-0.9617751797248288	300.0	valley	0	0.6411606984876405	2.4838859527328437e-05	-0.09329771150346865	-2.60692842313226e-10	-2.6069290367906894e-10
-1.3948738807166567	-0.9567751797248287	300.0	valley	0	0.6455840465708018	2.5010222060835692e-05	-0.08887436342030708	-2.0502236020014664e-10	-2.0502237095746507e-10
-1.3898738807166569	-0.9517751797248288	300.0	valley	0	0.6494983907217855	2.5161865548556075e-05	-0.08496001926932349	-1.618159772842631e-10	-1.6181615887626854e-10
-1.3848738807166567	-0.9467751797248287	300.0	valley	0	0.6529482293918045	2.5295513880898765e-05	-0.08151018059930461	-1.2927223180803082e-10	-1.2927223798713617e-10
-1.3798738807166568	-0.9417751797248288	300.0	valley	0	0.6559824529934647	2.5413061094871667e-05	-0.07847595699764447	-1.0564475683150221e-10	-1.0564464803774343e-10
-1.3748738807166567	-0.9367751797248287	300.0	valley	0	0.6586525224516477	2.5516500810307214e-05	-0.07580588753946114	-8.937030282485381e-11	-8.937070322664534e-11
-1.3698738807166568	-0.9317751797248288	300.0	valley	0	0.6610108937618888	2.560786519653135e-05	-0.07344751622922031	-7.9135697994559e-11	-7.913569245326945e-11
-1.3648738807166567	-0.9267751797248287	300.0	valley	0	0.663109774687236	2.5689176806229604e-05	-0.07134863530387299	-7.389067135932237e-11	-7.389074909958275e-11
-1.3598738807166568	-0.9217751797248288	300.0	valley	0	0.665000241781851	2.5762414368536433e-05	-0.06945816820925801	-7.283948444403165e-11	-7.28398682486361e-11
-1.3548738807166567	-0.9167751797248287	300.0	valley	0	0.666731692630923	2.5829491568558234e-05	-0.06772671736018608	-7.540894297886069e-11	-7.54088228958468e-11
-1.3498738807166568	-0.9117751797248288	300.0	valley	0	0.6683515679638896	2.589224628191208e-05	-0.06610684202721949	-8.120457084537236e-11	-8.120507503559322e-11
-1.3448738807166567	-0.9067751797248287	300.0	valley	0	0.6699052525504223	2.595243673539073e-05	-0.06455315744068668	-8.997344536076923e-11	-8.997369591110333e-11
-1.3398738807166568	-0.9017751797248288	300.0	valley	0	0.671436050084402	2.601174053395635e-05	-0.06302235990670708	-1.0155182250670691e-10	-1.0155187223336427e-10
-1.334873880716657	-0.8967751797248289	300.0	valley	0	0.6729851223570831	2.6071752304280956e-05	-0.06147328763402598	-1.1582236558727033e-10	-1.1582218756667344e-10
-1.3298738807166568	-0.8917751797248288	300.0	valley	0	0.6745912850282463	2.6133975782827232e-05	-0.0598671249628627	-1.3266426845959245e-10	-1.3266452642458827e-10
-1.3248738807166567	-0.8867751797248287	300.0	valley	0	0.6762905618317073	2.619980654556546e-05	-0.05816784815940158	-1.5190640412221512e-10	-1.5190642347914143e-10
-1.3198738807166568	-0.8817751797248288	300.0	valley	0	0.6781154194222649	2.6270502365593353e-05	-0.056342990568844065	-1.7327296542024584e-10	-1.7327303720739985e-10
-1.314873880716657	-0.8767751797248289	300.0	valley	0	0.680093641572461	2.634713959900219e-05	-0.05436476841864763	-1.9634024961412422e-10	-1.96340259235095e-10
-1.3098738807166568	-0.8717751797248288	300.0	valley	0	0.6822468593486692	2.643055624322436e-05	-0.05221155064243969	-2.20496870761977e-10	-2.2049692471699635e-10
-1.3048738807166567	-0.8667751797248286	300.0	valley	0	0.6845888351346279	2.6521285459317997e-05	-0.04986957485648117	-2.4492519123953116e-10	-2.449250339472069e-10
-1.2998738807166568	-0.8617751797248288	300.0	valley	0	0.6871236969248866	2.6619487167685252e-05	-0.04733471306622257	-2.686084965564106e-10	-2.686082753648473e-10
-1.2948738807166569	-0.8567751797248289	300.0	valley	0	0.6898444171558388	2.6724889117288817e-05	-0.04461399283526999	-2.9037733328962645e-10	-2.9037759936337455e-10
-1.2898738807166568	-0.8517751797248287	300.0	valley	0	0.6927318966594067	2.6836751397597543e-05	-0.041726513331702214	-3.089974942582785e-10	-3.089976282012925e-10
-1.2848738807166569	-0.8467751797248289	300.0	valley	0	0.6957550116402403	2.6953868258504662e-05	-0.038703398350868605	-3.2328868748709993e-10	-3.232884138706955e-10
-1.2798738807166568	-0.8417751797248287	300.0	valley	0	0.698871880365499	2.70746171824709e-05	-0.03558652962560999	-3.322653263637676e-10	-3.322655895959981e-10
-1.2748738807166569	-0.8367751797248288	300.0	valley	0	0.7020324041836893	2.7197057324759686e-05	-0.03242600580741979	-3.3527272624844784e-10	-3.3527278791300226e-10
-1.2698738807166567	-0.8317751797248287	300.0	valley	0	0.7051818730094542	2.731906919157155e-05	-0.029276536981654836	-3.3207663008294475e-10	-3.3207666722175945e-10
-1.2648738807166569	-0.8267751797248288	300.0	valley	0	0.7082651735149419	2.7438517667307817e-05	-0.026193236476167166	-3.229013029182326e-10	-3.2290135586258945e-10
-1.2598738807166567	-0.8217751797248287	300.0	valley	0	0.7112309839015472	2.7553414521951817e-05	-0.02322742608956191	-3.083933663994287e-10	-3.0839338199829483e-10
-1.2548738807166568	-0.8167751797248288	300.0	valley	0	0.7140353388674365	2.7662056519545863e-05	-0.02042307112367243	-2.895258338631024e-10	-2.8952585914722114e-10
-1.2498738807166567	-0.8117751797248287	300.0	valley	0	0.7166441022590296	2.776312120984373e-05	-0.017814307732079288	-2.674649807188345e-10	-2.67465257586608e-10
-1.2448738807166568	-0.8067751797248288	300.0	valley	0	0.7190341363690171	2.7855712227452163e-05	-0.01542427362209186	-2.4343023430350996e-10	-2.4343013170137343e-10
-1.2398738807166567	-0.8017751797248287	300.0	valley	0	0.7211932210360975	2.7939356157717567e-05	-0.013265188955011577	-2.1856803866793229e-10	-2.185678944085963e-10
-1.2348738807166568	-0.7967751797248288	300.0	valley	0	0.723118977706839	2.8013960854389076e-05	-0.011339432284269937	-1.9386628413720075e-10	-1.938664483207948e-10
-1.2298738807166567	-0.7917751797248287	300.0	valley	0	0.7248171551011817	2.8079749025513817e-05	-0.009641254889927422	-1.701059015868367e-10	-1.7010590704358672e-10
-1.2248738807166568	-0.7867751797248288	300.0	valley	0	0.7262996365720403	2.8137181037633996e-05	-0.008158773419068767	-1.478461103543438e-10	-1.47846384078874e-10
-1.2198738807166567	-0.7817751797248287	300.0	valley	0	0.7275824644009966	2.8186878376095872e-05	-0.006875945590112309	-1.2744237609663145e-10	-1.274427131144049e-10
-1.2148738807166568	-0.7767751797248288	300.0	valley	0	0.728684080860456	2.8229555502990968e-05	-0.005774329130652925	-1.0907555414441106e-10	-1.0907525343424415e-10
-1.2098738807166567	-0.7717751797248287	300.0	valley	0	0.7296238910188779	2.8265964179571522e-05	-0.004834518972231146	-9.278737500562073e-11	-9.278748210035963e-11
-1.2048738807166568	-0.7667751797248288	300.0	valley	0	0.730421176304538	2.8296851377212343e-05	-0.0040372336865710885	-7.852361816329534e-11	-7.852342143433386e-11
-1.1998738807166567	-0.7617751797248287	300.0	valley	0	0.7310943370216818	2.83229299321392e-05	-0.003364072969427255	-6.616063252806725e-11	-6.616094013384584e-11
-1.1948738807166568	-0.7567751797248288	300.0	valley	0	0.7316604144839012	2.834486003265662e-05	-0.0027979955072079134	-5.553926762935646e-11	-5.5538840435274224e-11
-1.189873880716657	-0.7517751797248289	300.0	valley	0	0.7321348335579653	2.8363239245177847e-05	-0.002323576433143599	-4.647750240227566e-11	-4.647745388978048e-11
-1.1848738807166568	-0.7467751797248288	300.0	valley	0	0.7325313078948442	2.8378598842831224e-05	-0.0019271020962647665	-3.87937321155718e-11	-3.8793450704412215e-11
-1.1798738807166567	-0.7417751797248286	300.0	valley	0	0.7328618576581223	2.839140449226704e-05	-0.0015965523329865689	-3.2309280251219263e-11	-3.23095971660194e-11
-1.1748738807166568	-0.7367751797248288	300.0	valley	0	0.7331368993854868	2.840205973493284e-05	-0.001321510605622056	-2.686059707990296e-11	-2.6860822229093326e-11
