# mu_eV	mu_minus_reference_eV	temperature_K	region	band_id	sigma_e2_over_h	sigma_S	delta_sigma_e2_over_h	electrons_per_cell	delta_electrons_per_cell
-1.4748738807166568	-1.0367751797248288	0.0	total	0	1.3263732185377063e-09	5.1384306826323164e-14	3.5066842450637292e-09	17.888888888888886	-0.11111111111111113
-1.469873880716657	-1.031775179724829	0.0	total	0	1.3263732185377063e-09	5.1384306826323164e-14	3.5066842450637292e-09	17.888888888888886	-0.11111111111111113
-1.4648738807166568	-1.0267751797248288	0.0	total	0	1.3263732185377063e-09	5.1384306826323164e-14	3.5066842450637292e-09	17.888888888888886	-0.11111111111111113
-1.459873880716657	-1.021775179724829	0.0	total	0	-9.26352477480254e-11	-3.588731984851729e-15	2.08767581000302e-09	17.97222222222222	-0.027777777777777776
-1.4548738807166568	-1.0167751797248288	0.0	total	0	-9.26352477480254e-11	-3.588731984851729e-15	2.08767581000302e-09	17.97222222222222	-0.027777777777777776
-1.449873880716657	-1.0117751797248289	0.0	total	0	-9.26352477480254e-11	-3.588731984851729e-15	2.08767581000302e-09	17.97222222222222	-0.027777777777777776
-1.4448738807166568	-1.0067751797248288	0.0	total	0	-9.26352477480254e-11	-3.588731984851729e-15	2.08767581000302e-09	17.97222222222222	-0.027777777777777776
-1.439873880716657	-1.0017751797248289	0.0	total	0	-9.26352477480254e-11	-3.588731984851729e-15	2.08767581000302e-09	17.97222222222222	-0.027777777777777776
-1.4348738807166568	-0.9967751797248288	0.0	total	0	-9.26352477480254e-11	-3.588731984851729e-15	2.08767581000302e-09	17.97222222222222	-0.027777777777777776
-1.4298738807166569	-0.9917751797248289	0.0	total	0	-9.26352477480254e-11	-3.588731984851729e-15	2.08767581000302e-09	17.97222222222222	-0.027777777777777776
-1.4248738807166568	-0.9867751797248288	0.0	total	0	-9.26352477480254e-11	-3.588731984851729e-15	2.08767581000302e-09	17.97222222222222	-0.027777777777777776
-1.4198738807166569	-0.9817751797248289	0.0	total	0	-1.3662098268783796e-09	-5.2927595304474106e-14	8.14101216994878e-10	17.98611111111111	-0.013888888888888888
-1.4148738807166568	-0.9767751797248287	0.0	total	0	-1.3662098268783796e-09	-5.2927595304474106e-14	8.14101216994878e-10	17.98611111111111	-0.013888888888888888
-1.4098738807166569	-0.9717751797248289	0.0	total	0	-1.3662098268783796e-09	-5.2927595304474106e-14	8.14101216994878e-10	17.98611111111111	-0.013888888888888888
-1.4048738807166568	-0.9667751797248287	0.0	total	0	-1.3662098268783796e-09	-5.2927595304474106e-14	8.14101216994878e-10	17.98611111111111	-0.013888888888888888
-1.3998738807166569	-0.9617751797248288	0.0	total	0	-1.3662098268783796e-09	-5.2927595304474106e-14	8.14101216994878e-10	17.98611111111111	-0.013888888888888888
-1.3948738807166567	-0.9567751797248287	0.0	total	0	-1.3662098268783796e-09	-5.2927595304474106e-14	8.14101216994878e-10	17.98611111111111	-0.013888888888888888
-1.3898738807166569	-0.9517751797248288	0.0	total	0	-1.3662098268783796e-09	-5.2927595304474106e-14	8.14101216994878e-10	17.98611111111111	-0.013888888888888888
-1.3848738807166567	-0.9467751797248287	0.0	total	0	-1.3662098268783796e-09	-5.2927595304474106e-14	8.14101216994878e-10	17.98611111111111	-0.013888888888888888
-1.3798738807166568	-0.9417751797248288	0.0	total	0	-1.3662098268783796e-09	-5.2927595304474106e-14	8.14101216994878e-10	17.98611111111111	-0.013888888888888888
-1.3748738807166567	-0.9367751797248287	0.0	total	0	-1.3662098268783796e-09	-5.2927595304474106e-14	8.14101216994878e-10	17.98611111111111	-0.013888888888888888
-1.3698738807166568	-0.9317751797248288	0.0	total	0	-1.3662098268783796e-09	-5.2927595304474106e-14	8.14101216994878e-10	17.98611111111111	-0.013888888888888888
-1.3648738807166567	-0.9267751797248287	0.0	total	0	-1.3662098268783796e-09	-5.2927595304474106e-14	8.14101216994878e-10	17.98611111111111	-0.013888888888888888
-1.3598738807166568	-0.9217751797248288	0.0	total	0	-1.3662098268783796e-09	-5.2927595304474106e-14	8.14101216994878e-10	17.98611111111111	-0.013888888888888888
-1.3548738807166567	-0.9167751797248287	0.0	total	0	-1.3662098268783796e-09	-5.2927595304474106e-14	8.14101216994878e-10	17.98611111111111	-0.013888888888888888
-1.3498738807166568	-0.9117751797248288	0.0	total	0	-1.3662098268783796e-09	-5.2927595304474106e-14	8.14101216994878e-10	17.98611111111111	-0.013888888888888888
-1.3448738807166567	-0.9067751797248287	0.0	total	0	-1.3662098268783796e-09	-5.2927595304474106e-14	8.14101216994878e-10	17.98611111111111	-0.013888888888888888
-1.3398738807166568	-0.9017751797248288	0.0	total	0	-1.3662098268783796e-09	-5.2927595304474106e-14	8.14101216994878e-10	17.98611111111111	-0.013888888888888888
-1.334873880716657	-0.8967751797248289	0.0	total	0	-1.3662098268783796e-09	-5.2927595304474106e-14	8.14101216994878e-10	17.98611111111111	-0.013888888888888888
-1.3298738807166568	-0.8917751797248288	0.0	total	0	-1.3662098268783796e-09	-5.2927595304474106e-14	8.14101216994878e-10	17.98611111111111	-0.013888888888888888
-1.3248738807166567	-0.8867751797248287	0.0	total	0	-1.3662098268783796e-09	-5.2927595304474106e-14	8.14101216994878e-10	17.98611111111111	-0.013888888888888888
-1.3198738807166568	-0.8817751797248288	0.0	total	0	-1.3662098268783796e-09	-5.2927595304474106e-14	8.14101216994878e-10	17.98611111111111	-0.013888888888888888
-1.314873880716657	-0.8767751797248289	0.0	total	0	-1.3662099686361416e-09	-5.2927600796234815e-14	8.141012100559841e-10	17.98611111111111	-0.013888888888888888
-1.3098738807166568	-0.8717751797248288	0.0	total	0	-1.3662099686361416e-09	-5.2927600796234815e-14	8.141012100559841e-10	17.98611111111111	-0.013888888888888888
-1.3048738807166567	-0.8667751797248286	0.0	total	0	-1.3662099686361416e-09	-5.2927600796234815e-14	8.141012100559841e-10	17.98611111111111	-0.013888888888888888
-1.2998738807166568	-0.8617751797248288	0.0	total	0	-1.3662099686361416e-09	-5.2927600796234815e-14	8.141012100559841e-10	17.98611111111111	-0.013888888888888888
-1.2948738807166569	-0.8567751797248289	0.0	total	0	-1.3662099686361416e-09	-5.2927600796234815e-14	8.141012100559841e-10	17.98611111111111	-0.013888888888888888
-1.2898738807166568	-0.8517751797248287	0.0	total	0	-1.3662099686361416e-09	-5.2927600796234815e-14	8.141012100559841e-10	17.98611111111111	-0.013888888888888888
-1.2848738807166569	-0.8467751797248289	0.0	total	0	-1.3662099686361416e-09	-5.2927600796234815e-14	8.141012100559841e-10	17.98611111111111	-0.013888888888888888
-1.2798738807166568	-0.8417751797248287	0.0	total	0	-1.3662099686361416e-09	-5.2927600796234815e-14	8.141012100559841e-10	17.98611111111111	-0.013888888888888888
-1.2748738807166569	-0.8367751797248288	0.0	total	0	-2.1803109774642027e-09	-8.446624726510658e-14	0.0	18.0	0.0
-1.2698738807166567	-0.8317751797248287	0.0	total	0	-2.1803109774642027e-09	-8.446624726510658e-14	0.0	18.0	0.0
-1.2648738807166569	-0.8267751797248288	0.0	total	0	-2.1803109774642027e-09	-8.446624726510658e-14	0.0	18.0	0.0
-1.2598738807166567	-0.8217751797248287	0.0	total	0	-2.1803109774642027e-09	-8.446624726510658e-14	0.0	18.0	0.0
-1.2548738807166568	-0.8167751797248288	0.0	total	0	-2.1803109774642027e-09	-8.446624726510658e-14	0.0	18.0	0.0
-1.2498738807166567	-0.8117751797248287	0.0	total	0	-2.1803109774642027e-09	-8.446624726510658e-14	0.0	18.0	0.0
-1.2448738807166568	-0.8067751797248288	0.0	total	0	-2.1803109774642027e-09	-8.446624726510658e-14	0.0	18.0	0.0
-1.2398738807166567	-0.8017751797248287	0.0	total	0	-2.1803109774642027e-09	-8.446624726510658e-14	0.0	18.0	0.0
-1.2348738807166568	-0.7967751797248288	0.0	total	0	-2.1803109774642027e-09	-8.446624726510658e-14	0.0	18.0	0.0
-1.2298738807166567	-0.7917751797248287	0.0	total	0	-2.1803109774642027e-09	-8.446624726510658e-14	0.0	18.0	0.0
-1.2248738807166568	-0.7867751797248288	0.0	total	0	-2.1803109774642027e-09	-8.446624726510658e-14	0.0	18.0	0.0
-1.2198738807166567	-0.7817751797248287	0.0	total	0	-2.1803109774642027e-09	-8.446624726510658e-14	0.0	18.0	0.0
-1.2148738807166568	-0.7767751797248288	0.0	total	0	-2.1803109774642027e-09	-8.446624726510658e-14	0.0	18.0	0.0
-1.2098738807166567	-0.7717751797248287	0.0	total	0	-2.1803109774642027e-09	-8.446624726510658e-14	0.0	18.0	0.0
-1.2048738807166568	-0.7667751797248288	0.0	total	0	-2.1803109774642027e-09	-8.446624726510658e-14	0.0	18.0	0.0
-1.1998738807166567	-0.7617751797248287	0.0	total	0	-2.1803109774642027e-09	-8.446624726510658e-14	0.0	18.0	0.0
-1.1948738807166568	-0.7567751797248288	0.0	total	0	-2.1803109774642027e-09	-8.446624726510658e-14	0.0	18.0	0.0
-1.189873880716657	-0.7517751797248289	0.0	total	0	-2.1803109774642027e-09	-8.446624726510658e-14	0.0	18.0	0.0
-1.1848738807166568	-0.7467751797248288	0.0	total	0	-2.1803109774642027e-09	-8.446624726510658e-14	0.0	18.0	0.0
-1.1798738807166567	-0.7417751797248286	0.0	total	0	-2.1803109774642027e-09	-8.446624726510658e-14	0.0	18.0	0.0
-1.1748738807166568	-0.7367751797248288	0.0	total	0	-2.1803109774642027e-09	-8.446624726510658e-14	0.0	18.0	0.0
-1.4748738807166568	-1.0367751797248288	0.0	K	0	0.21255665009844385	8.234542113776371e-06	-0.15425107464962745	1.5694444444444446	-0.055555555555555566
-1.469873880716657	-1.031775179724829	0.0	K	0	0.21255665009844385	8.234542113776371e-06	-0.15425107464962745	1.5694444444444446	-0.055555555555555566
-1.4648738807166568	-1.0267751797248288	0.0	K	0	0.21255665009844385	8.234542113776371e-06	-0.15425107464962745	1.5694444444444446	-0.055555555555555566
-1.459873880716657	-1.021775179724829	0.0	K	0	0.3048171684490764	1.1808756909903718e-05	-0.061990556298994866	1.6111111111111112	-0.013888888888888888
-1.4548738807166568	-1.0167751797248288	0.0	K	0	0.3048171684490764	1.1808756909903718e-05	-0.061990556298994866	1.6111111111111112	-0.013888888888888888
-1.449873880716657	-1.0117751797248289	0.0	K	0	0.3048171684490764	1.1808756909903718e-05	-0.061990556298994866	1.6111111111111112	-0.013888888888888888
-1.4448738807166568	-1.0067751797248288	0.0	K	0	0.3048171684490764	1.1808756909903718e-05	-0.061990556298994866	1.6111111111111112	-0.013888888888888888
-1.439873880716657	-1.0017751797248289	0.0	K	0	0.3048171684490764	1.1808756909903718e-05	-0.061990556298994866	1.6111111111111112	-0.013888888888888888
-1.4348738807166568	-0.9967751797248288	0.0	K	0	0.3048171684490764	1.1808756909903718e-05	-0.061990556298994866	1.6111111111111112	-0.013888888888888888
-1.4298738807166569	-0.9917751797248289	0.0	K	0	0.3048171684490764	1.1808756909903718e-05	-0.061990556298994866	1.6111111111111112	-0.013888888888888888
-1.4248738807166568	-0.9867751797248288	0.0	K	0	0.3048171684490764	1.1808756909903718e-05	-0.061990556298994866	1.6111111111111112	-0.013888888888888888
-1.4198738807166569	-0.9817751797248289	0.0	K	0	0.3328324045116266	1.2894080004135833e-05	-0.033975320236444645	1.6180555555555556	-0.006944444444444444
-1.4148738807166568	-0.9767751797248287	0.0	K	0	0.3328324045116266	1.2894080004135833e-05	-0.033975320236444645	1.6180555555555556	-0.006944444444444444
-1.4098738807166569	-0.9717751797248289	0.0	K	0	0.3328324045116266	1.2894080004135833e-05	-0.033975320236444645	1.6180555555555556	-0.006944444444444444
-1.4048738807166568	-0.9667751797248287	0.0	K	0	0.3328324045116266	1.2894080004135833e-05	-0.033975320236444645	1.6180555555555556	-0.006944444444444444
-1.3998738807166569	-0.9617751797248288	0.0	K	0	0.3328324045116266	1.2894080004135833e-05	-0.033975320236444645	1.6180555555555556	-0.006944444444444444
-1.3948738807166567	-0.9567751797248287	0.0	K	0	0.3328324045116266	1.2894080004135833e-05	-0.033975320236444645	1.6180555555555556	-0.006944444444444444
-1.3898738807166569	-0.9517751797248288	0.0	K	0	0.3328324045116266	1.2894080004135833e-05	-0.033975320236444645	1.6180555555555556	-0.006944444444444444
-1.3848738807166567	-0.9467751797248287	0.0	K	0	0.3328324045116266	1.2894080004135833e-05	-0.033975320236444645	1.6180555555555556	-0.006944444444444444
-1.3798738807166568	-0.9417751797248288	0.0	K	0	0.3328324045116266	1.2894080004135833e-05	-0.033975320236444645	1.6180555555555556	-0.006944444444444444
-1.3748738807166567	-0.9367751797248287	0.0	K	0	0.3328324045116266	1.2894080004135833e-05	-0.033975320236444645	1.6180555555555556	-0.006944444444444444
-1.3698738807166568	-0.9317751797248288	0.0	K	0	0.3328324045116266	1.2894080004135833e-05	-0.033975320236444645	1.6180555555555556	-0.006944444444444444
-1.3648738807166567	-0.9267751797248287	0.0	K	0	0.3328324045116266	1.2894080004135833e-05	-0.033975320236444645	1.6180555555555556	-0.006944444444444444
-1.3598738807166568	-0.9217751797248288	0.0	K	0	0.3328324045116266	1.2894080004135833e-05	-0.033975320236444645	1.6180555555555556	-0.006944444444444444
-1.3548738807166567	-0.9167751797248287	0.0	K	0	0.3328324045116266	1.2894080004135833e-05	-0.033975320236444645	1.6180555555555556	-0.006944444444444444
-1.3498738807166568	-0.9117751797248288	0.0	K	0	0.3328324045116266	1.2894080004135833e-05	-0.033975320236444645	1.6180555555555556	-0.006944444444444444
-1.3448738807166567	-0.9067751797248287	0.0	K	0	0.3328324045116266	1.2894080004135833e-05	-0.033975320236444645	1.6180555555555556	-0.006944444444444444
-1.3398738807166568	-0.9017751797248288	0.0	K	0	0.3328324045116266	1.2894080004135833e-05	-0.033975320236444645	1.6180555555555556	-0.006944444444444444
-1.334873880716657	-0.8967751797248289	0.0	K	0	0.3328324045116266	1.2894080004135833e-05	-0.033975320236444645	1.6180555555555556	-0.006944444444444444
-1.3298738807166568	-0.8917751797248288	0.0	K	0	0.3328324045116266	1.2894080004135833e-05	-0.033975320236444645	1.6180555555555556	-0.006944444444444444
-1.3248738807166567	-0.8867751797248287	0.0	K	0	0.3328324045116266	1.2894080004135833e-05	-0.033975320236444645	1.6180555555555556	-0.006944444444444444
-1.3198738807166568	-0.8817751797248288	0.0	K	0	0.3328324045116266	1.2894080004135833e-05	-0.033975320236444645	1.6180555555555556	-0.006944444444444444
-1.314873880716657	-0.8767751797248289	0.0	K	0	0.3328324045116267	1.2894080004135838e-05	-0.033975320236444645	1.6180555555555556	-0.006944444444444444
-1.3098738807166568	-0.8717751797248288	0.0	K	0	0.3328324045116267	1.2894080004135838e-05	-0.033975320236444645	1.6180555555555556	-0.006944444444444444
-1.3048738807166567	-0.8667751797248286	0.0	K	0	0.3328324045116267	1.2894080004135838e-05	-0.033975320236444645	1.6180555555555556	-0.006944444444444444
-1.2998738807166568	-0.8617751797248288	0.0	K	0	0.3328324045116267	1.2894080004135838e-05	-0.033975320236444645	1.6180555555555556	-0.006944444444444444
-1.2948738807166569	-0.8567751797248289	0.0	K	0	0.3328324045116267	1.2894080004135838e-05	-0.033975320236444645	1.6180555555555556	-0.006944444444444444
-1.2898738807166568	-0.8517751797248287	0.0	K	0	0.3328324045116267	1.2894080004135838e-05	-0.033975320236444645	1.6180555555555556	-0.006944444444444444
-1.2848738807166569	-0.8467751797248289	0.0	K	0	0.3328324045116267	1.2894080004135838e-05	-0.033975320236444645	1.6180555555555556	-0.006944444444444444
-1.2798738807166568	-0.8417751797248287	0.0	K	0	0.3328324045116267	1.2894080004135838e-05	-0.033975320236444645	1.6180555555555556	-0.006944444444444444
-1.2748738807166569	-0.8367751797248288	0.0	K	0	0.3668077247480714	1.4210299492853168e-05	0.0	1.625	0.0
-1.2698738807166567	-0.8317751797248287	0.0	K	0	0.3668077247480714	1.4210299492853168e-05	0.0	1.625	0.0
-1.2648738807166569	-0.8267751797248288	0.0	K	0	0.3668077247480714	1.4210299492853168e-05	0.0	1.625	0.0
-1.2598738807166567	-0.8217751797248287	0.0	K	0	0.3668077247480714	1.4210299492853168e-05	0.0	1.625	0.0
-1.2548738807166568	-0.8167751797248288	0.0	K	0	0.3668077247480714	1.4210299492853168e-05	0.0	1.625	0.0
-1.2498738807166567	-0.8117751797248287	0.0	K	0	0.3668077247480714	1.4210299492853168e-05	0.0	1.625	0.0
-1.2448738807166568	-0.8067751797248288	0.0	K	0	0.3668077247480714	1.4210299492853168e-05	0.0	1.625	0.0
-1.2398738807166567	-0.8017751797248287	0.0	K	0	0.3668077247480714	1.4210299492853168e-05	0.0	1.625	0.0
-1.2348738807166568	-0.7967751797248288	0.0	K	0	0.3668077247480714	1.4210299492853168e-05	0.0	1.625	0.0
-1.2298738807166567	-0.7917751797248287	0.0	K	0	0.3668077247480714	1.4210299492853168e-05	0.0	1.625	0.0
-1.2248738807166568	-0.7867751797248288	0.0	K	0	0.3668077247480714	1.4210299492853168e-05	0.0	1.625	0.0
-1.2198738807166567	-0.7817751797248287	0.0	K	0	0.3668077247480714	1.4210299492853168e-05	0.0	1.625	0.0
-1.2148738807166568	-0.7767751797248288	0.0	K	0	0.3668077247480714	1.4210299492853168e-05	0.0	1.625	0.0
-1.2098738807166567	-0.7717751797248287	0.0	K	0	0.3668077247480714	1.4210299492853168e-05	0.0	1.625	0.0
-1.2048738807166568	-0.7667751797248288	0.0	K	0	0.3668077247480714	1.4210299492853168e-05	0.0	1.625	0.0
-1.1998738807166567	-0.7617751797248287	0.0	K	0	0.3668077247480714	1.4210299492853168e-05	0.0	1.625	0.0
-1.1948738807166568	-0.7567751797248288	0.0	K	0	0.3668077247480714	1.4210299492853168e-05	0.0	1.625	0.0
-1.189873880716657	-0.7517751797248289	0.0	K	0	0.3668077247480714	1.4210299492853168e-05	0.0	1.625	0.0
-1.1848738807166568	-0.7467751797248288	0.0	K	0	0.3668077247480714	1.4210299492853168e-05	0.0	1.625	0.0
-1.1798738807166567	-0.7417751797248286	0.0	K	0	0.3668077247480714	1.4210299492853168e-05	0.0	1.625	0.0
-1.1748738807166568	-0.7367751797248288	0.0	K	0	0.3668077247480714	1.4210299492853168e-05	0.0	1.625	0.0
-1.4748738807166568	-1.0367751797248288	0.0	Kprime	0	-0.21255664820482242	-8.234542040416608e-06	0.1542510781563117	1.5694444444444446	-0.055555555555555566
-1.469873880716657	-1.031775179724829	0.0	Kprime	0	-0.21255664820482242	-8.234542040416608e-06	0.1542510781563117	1.5694444444444446	-0.055555555555555566
-1.4648738807166568	-1.0267751797248288	0.0	Kprime	0	-0.21255664820482242	-8.234542040416608e-06	0.1542510781563117	1.5694444444444446	-0.055555555555555566
-1.459873880716657	-1.021775179724829	0.0	Kprime	0	-0.30481716797446345	-1.1808756891516994e-05	0.061990558386670676	1.6111111111111112	-0.013888888888888888
-1.4548738807166568	-1.0167751797248288	0.0	Kprime	0	-0.30481716797446345	-1.1808756891516994e-05	0.061990558386670676	1.6111111111111112	-0.013888888888888888
-1.449873880716657	-1.0117751797248289	0.0	Kprime	0	-0.30481716797446345	-1.1808756891516994e-05	0.061990558386670676	1.6111111111111112	-0.013888888888888888
-1.4448738807166568	-1.0067751797248288	0.0	Kprime	0	-0.30481716797446345	-1.1808756891516994e-05	0.061990558386670676	1.6111111111111112	-0.013888888888888888
-1.439873880716657	-1.0017751797248289	0.0	Kprime	0	-0.30481716797446345	-1.1808756891516994e-05	0.061990558386670676	1.6111111111111112	-0.013888888888888888
-1.4348738807166568	-0.9967751797248288	0.0	Kprime	0	-0.30481716797446345	-1.1808756891516994e-05	0.061990558386670676	1.6111111111111112	-0.013888888888888888
-1.4298738807166569	-0.9917751797248289	0.0	Kprime	0	-0.30481716797446345	-1.1808756891516994e-05	0.061990558386670676	1.6111111111111112	-0.013888888888888888
-1.4248738807166568	-0.9867751797248288	0.0	Kprime	0	-0.30481716797446345	-1.1808756891516994e-05	0.061990558386670676	1.6111111111111112	-0.013888888888888888
-1.4198738807166569	-0.9817751797248289	0.0	Kprime	0	-0.3328324053105883	-1.2894080035087975e-05	0.03397532105054586	1.6180555555555556	-0.006944444444444444
-1.4148738807166568	-0.9767751797248287	0.0	Kprime	0	-0.3328324053105883	-1.2894080035087975e-05	0.03397532105054586	1.6180555555555556	-0.006944444444444444
-1.4098738807166569	-0.9717751797248289	0.0	Kprime	0	-0.3328324053105883	-1.2894080035087975e-05	0.03397532105054586	1.6180555555555556	-0.006944444444444444
-1.4048738807166568	-0.9667751797248287	0.0	Kprime	0	-0.3328324053105883	-1.2894080035087975e-05	0.03397532105054586	1.6180555555555556	-0.006944444444444444
-1.3998738807166569	-0.9617751797248288	0.0	Kprime	0	-0.3328324053105883	-1.2894080035087975e-05	0.03397532105054586	1.6180555555555556	-0.006944444444444444
-1.3948738807166567	-0.9567751797248287	0.0	Kprime	0	-0.3328324053105883	-1.2894080035087975e-05	0.03397532105054586	1.6180555555555556	-0.006944444444444444
-1.3898738807166569	-0.9517751797248288	0.0	Kprime	0	-0.3328324053105883	-1.2894080035087975e-05	0.03397532105054586	1.6180555555555556	-0.006944444444444444
-1.3848738807166567	-0.9467751797248287	0.0	Kprime	0	-0.3328324053105883	-1.2894080035087975e-05	0.03397532105054586	1.6180555555555556	-0.006944444444444444
-1.3798738807166568	-0.9417751797248288	0.0	Kprime	0	-0.3328324053105883	-1.2894080035087975e-05	0.03397532105054586	1.6180555555555556	-0.006944444444444444
-1.3748738807166567	-0.9367751797248287	0.0	Kprime	0	-0.3328324053105883	-1.2894080035087975e-05	0.03397532105054586	1.6180555555555556	-0.006944444444444444
-1.3698738807166568	-0.9317751797248288	0.0	Kprime	0	-0.3328324053105883	-1.2894080035087975e-05	0.03397532105054586	1.6180555555555556	-0.006944444444444444
-1.3648738807166567	-0.9267751797248287	0.0	Kprime	0	-0.3328324053105883	-1.2894080035087975e-05	0.03397532105054586	1.6180555555555556	-0.006944444444444444
-1.3598738807166568	-0.9217751797248288	0.0	Kprime	0	-0.3328324053105883	-1.2894080035087975e-05	0.03397532105054586	1.6180555555555556	-0.006944444444444444
-1.3548738807166567	-0.9167751797248287	0.0	Kprime	0	-0.3328324053105883	-1.2894080035087975e-05	0.03397532105054586	1.6180555555555556	-0.006944444444444444
-1.3498738807166568	-0.9117751797248288	0.0	Kprime	0	-0.3328324053105883	-1.2894080035087975e-05	0.03397532105054586	1.6180555555555556	-0.006944444444444444
-1.3448738807166567	-0.9067751797248287	0.0	Kprime	0	-0.3328324053105883	-1.2894080035087975e-05	0.03397532105054586	1.6180555555555556	-0.006944444444444444
-1.3398738807166568	-0.9017751797248288	0.0	Kprime	0	-0.3328324053105883	-1.2894080035087975e-05	0.03397532105054586	1.6180555555555556	-0.006944444444444444
-1.334873880716657	-0.8967751797248289	0.0	Kprime	0	-0.3328324053105883	-1.2894080035087975e-05	0.03397532105054586	1.6180555555555556	-0.006944444444444444
-1.3298738807166568	-0.8917751797248288	0.0	Kprime	0	-0.3328324053105883	-1.2894080035087975e-05	0.03397532105054586	1.6180555555555556	-0.006944444444444444
-1.3248738807166567	-0.8867751797248287	0.0	Kprime	0	-0.3328324053105883	-1.2894080035087975e-05	0.03397532105054586	1.6180555555555556	-0.006944444444444444
-1.3198738807166568	-0.8817751797248288	0.0	Kprime	0	-0.3328324053105883	-1.2894080035087975e-05	0.03397532105054586	1.6180555555555556	-0.006944444444444444
-1.314873880716657	-0.8767751797248289	0.0	Kprime	0	-0.33283240531058833	-1.2894080035087977e-05	0.033975321050545855	1.6180555555555556	-0.006944444444444444
-1.3098738807166568	-0.8717751797248288	0.0	Kprime	0	-0.33283240531058833	-1.2894080035087977e-05	0.033975321050545855	1.6180555555555556	-0.006944444444444444
-1.3048738807166567	-0.8667751797248286	0.0	Kprime	0	-0.33283240531058833	-1.2894080035087977e-05	0.033975321050545855	1.6180555555555556	-0.006944444444444444
-1.2998738807166568	-0.8617751797248288	0.0	Kprime	0	-0.33283240531058833	-1.2894080035087977e-05	0.033975321050545855	1.6180555555555556	-0.006944444444444444
-1.2948738807166569	-0.8567751797248289	0.0	Kprime	0	-0.33283240531058833	-1.2894080035087977e-05	0.033975321050545855	1.6180555555555556	-0.006944444444444444
-1.2898738807166568	-0.8517751797248287	0.0	Kprime	0	-0.33283240531058833	-1.2894080035087977e-05	0.033975321050545855	1.6180555555555556	-0.006944444444444444
-1.2848738807166569	-0.8467751797248289	0.0	Kprime	0	-0.33283240531058833	-1.2894080035087977e-05	0.033975321050545855	1.6180555555555556	-0.006944444444444444
-1.2798738807166568	-0.8417751797248287	0.0	Kprime	0	-0.33283240531058833	-1.2894080035087977e-05	0.033975321050545855	1.6180555555555556	-0.006944444444444444
-1.2748738807166569	-0.8367751797248288	0.0	Kprime	0	-0.3668077263611342	-1.4210299555343961e-05	0.0	1.625	0.0
-1.2698738807166567	-0.8317751797248287	0.0	Kprime	0	-0.3668077263611342	-1.4210299555343961e-05	0.0	1.625	0.0
-1.2648738807166569	-0.8267751797248288	0.0	Kprime	0	-0.3668077263611342	-1.4210299555343961e-05	0.0	1.625	0.0
-1.2598738807166567	-0.8217751797248287	0.0	Kprime	0	-0.3668077263611342	-1.4210299555343961e-05	0.0	1.625	0.0
-1.2548738807166568	-0.8167751797248288	0.0	Kprime	0	-0.3668077263611342	-1.4210299555343961e-05	0.0	1.625	0.0
-1.2498738807166567	-0.8117751797248287	0.0	Kprime	0	-0.3668077263611342	-1.4210299555343961e-05	0.0	1.625	0.0
-1.2448738807166568	-0.8067751797248288	0.0	Kprime	0	-0.3668077263611342	-1.4210299555343961e-05	0.0	1.625	0.0
-1.2398738807166567	-0.8017751797248287	0.0	Kprime	0	-0.3668077263611342	-1.4210299555343961e-05	0.0	1.625	0.0
-1.2348738807166568	-0.7967751797248288	0.0	Kprime	0	-0.3668077263611342	-1.4210299555343961e-05	0.0	1.625	0.0
-1.2298738807166567	-0.7917751797248287	0.0	Kprime	0	-0.3668077263611342	-1.4210299555343961e-05	0.0	1.625	0.0
-1.2248738807166568	-0.7867751797248288	0.0	Kprime	0	-0.3668077263611342	-1.4210299555343961e-05	0.0	1.625	0.0
-1.2198738807166567	-0.7817751797248287	0.0	Kprime	0	-0.3668077263611342	-1.4210299555343961e-05	0.0	1.625	0.0
-1.2148738807166568	-0.7767751797248288	0.0	Kprime	0	-0.3668077263611342	-1.4210299555343961e-05	0.0	1.625	0.0
-1.2098738807166567	-0.7717751797248287	0.0	Kprime	0	-0.3668077263611342	-1.4210299555343961e-05	0.0	1.625	0.0
-1.2048738807166568	-0.7667751797248288	0.0	Kprime	0	-0.3668077263611342	-1.4210299555343961e-05	0.0	1.625	0.0
-1.1998738807166567	-0.7617751797248287	0.0	Kprime	0	-0.3668077263611342	-1.4210299555343961e-05	0.0	1.625	0.0
-1.1948738807166568	-0.7567751797248288	0.0	Kprime	0	-0.3668077263611342	-1.4210299555343961e-05	0.0	1.625	0.0
-1.189873880716657	-0.7517751797248289	0.0	Kprime	0	-0.3668077263611342	-1.4210299555343961e-05	0.0	1.625	0.0
-1.1848738807166568	-0.7467751797248288	0.0	Kprime	0	-0.3668077263611342	-1.4210299555343961e-05	0.0	1.625	0.0
-1.1798738807166567	-0.7417751797248286	0.0	Kprime	0	-0.3668077263611342	-1.4210299555343961e-05	0.0	1.625	0.0
-1.1748738807166568	-0.7367751797248288	0.0	Kprime	0	-0.3668077263611342	-1.4210299555343961e-05	0.0	1.625	0.0
-1.4748738807166568	-1.0367751797248288	0.0	rest	0	-5.672482633033173e-10	-2.1975457888399752e-14	0.0	14.75	0.0
-1.469873880716657	-1.031775179724829	0.0	rest	0	-5.672482633033173e-10	-2.1975457888399752e-14	0.0	14.75	0.0
-1.4648738807166568	-1.0267751797248288	0.0	rest	0	-5.672482633033173e-10	-2.1975457888399752e-14	0.0	14.75	0.0
-1.459873880716657	-1.021775179724829	0.0	rest	0	-5.672482633033173e-10	-2.1975457888399752e-14	0.0	14.75	0.0
-1.4548738807166568	-1.0167751797248288	0.0	rest	0	-5.672482633033173e-10	-2.1975457888399752e-14	0.0	14.75	0.0
-1.449873880716657	-1.0117751797248289	0.0	rest	0	-5.672482633033173e-10	-2.1975457888399752e-14	0.0	14.75	0.0
-1.4448738807166568	-1.0067751797248288	0.0	rest	0	-5.672482633033173e-10	-2.1975457888399752e-14	0.0	14.75	0.0
-1.439873880716657	-1.0017751797248289	0.0	rest	0	-5.672482633033173e-10	-2.1975457888399752e-14	0.0	14.75	0.0
-1.4348738807166568	-0.9967751797248288	0.0	rest	0	-5.672482633033173e-10	-2.1975457888399752e-14	0.0	14.75	0.0
-1.4298738807166569	-0.9917751797248289	0.0	rest	0	-5.672482633033173e-10	-2.1975457888399752e-14	0.0	14.75	0.0
-1.4248738807166568	-0.9867751797248288	0.0	rest	0	-5.672482633033173e-10	-2.1975457888399752e-14	0.0	14.75	0.0
-1.4198738807166569	-0.9817751797248289	0.0	rest	0	-5.672482633033173e-10	-2.1975457888399752e-14	0.0	14.75	0.0
-1.4148738807166568	-0.9767751797248287	0.0	rest	0	-5.672482633033173e-10	-2.1975457888399752e-14	0.0	14.75	0.0
-1.4098738807166569	-0.9717751797248289	0.0	rest	0	-5.672482633033173e-10	-2.1975457888399752e-14	0.0	14.75	0.0
-1.4048738807166568	-0.9667751797248287	0.0	rest	0	-5.672482633033173e-10	-2.1975457888399752e-14	0.0	14.75	0.0
-1.3998738807166569	-0.9617751797248288	0.0	rest	0	-5.672482633033173e-10	-2.1975457888399752e-14	0.0	14.75	0.0
-1.3948738807166567	-0.9567751797248287	0.0	rest	0	-5.672482633033173e-10	-2.1975457888399752e-14	0.0	14.75	0.0
-1.3898738807166569	-0.9517751797248288	0.0	rest	0	-5.672482633033173e-10	-2.1975457888399752e-14	0.0	14.75	0.0
-1.3848738807166567	-0.9467751797248287	0.0	rest	0	-5.672482633033173e-10	-2.1975457888399752e-14	0.0	14.75	0.0
-1.3798738807166568	-0.9417751797248288	0.0	rest	0	-5.672482633033173e-10	-2.1975457888399752e-14	0.0	14.75	0.0
-1.3748738807166567	-0.9367751797248287	0.0	rest	0	-5.672482633033173e-10	-2.1975457888399752e-14	0.0	14.75	0.0
-1.3698738807166568	-0.9317751797248288	0.0	rest	0	-5.672482633033173e-10	-2.1975457888399752e-14	0.0	14.75	0.0
-1.3648738807166567	-0.9267751797248287	0.0	rest	0	-5.672482633033173e-10	-2.1975457888399752e-14	0.0	14.75	0.0
-1.3598738807166568	-0.9217751797248288	0.0	rest	0	-5.672482633033173e-10	-2.1975457888399752e-14	0.0	14.75	0.0
-1.3548738807166567	-0.9167751797248287	0.0	rest	0	-5.672482633033173e-10	-2.1975457888399752e-14	0.0	14.75	0.0
-1.3498738807166568	-0.9117751797248288	0.0	rest	0	-5.672482633033173e-10	-2.1975457888399752e-14	0.0	14.75	0.0
-1.3448738807166567	-0.9067751797248287	0.0	rest	0	-5.672482633033173e-10	-2.1975457888399752e-14	0.0	14.75	0.0
-1.3398738807166568	-0.9017751797248288	0.0	rest	0	-5.672482633033173e-10	-2.1975457888399752e-14	0.0	14.75	0.0
-1.334873880716657	-0.8967751797248289	0.0	rest	0	-5.672482633033173e-10	-2.1975457888399752e-14	0.0	14.75	0.0
-1.3298738807166568	-0.8917751797248288	0.0	rest	0	-5.672482633033173e-10	-2.1975457888399752e-14	0.0	14.75	0.0
-1.3248738807166567	-0.8867751797248287	0.0	rest	0	-5.672482633033173e-10	-2.1975457888399752e-14	0.0	14.75	0.0
-1.3198738807166568	-0.8817751797248288	0.0	rest	0	-5.672482633033173e-10	-2.1975457888399752e-14	0.0	14.75	0.0
-1.314873880716657	-0.8767751797248289	0.0	rest	0	-5.672481830164742e-10	-2.1975454778050626e-14	0.0	14.75	0.0
-1.3098738807166568	-0.8717751797248288	0.0	rest	0	-5.672481830164742e-10	-2.1975454778050626e-14	0.0	14.75	0.0
-1.3048738807166567	-0.8667751797248286	0.0	rest	0	-5.672481830164742e-10	-2.1975454778050626e-14	0.0	14.75	0.0
-1.2998738807166568	-0.8617751797248288	0.0	rest	0	-5.672481830164742e-10	-2.1975454778050626e-14	0.0	14.75	0.0
-1.2948738807166569	-0.8567751797248289	0.0	rest	0	-5.672481830164742e-10	-2.1975454778050626e-14	0.0	14.75	0.0
-1.2898738807166568	-0.8517751797248287	0.0	rest	0	-5.672481830164742e-10	-2.1975454778050626e-14	0.0	14.75	0.0
-1.2848738807166569	-0.8467751797248289	0.0	rest	0	-5.672481830164742e-10	-2.1975454778050626e-14	0.0	14.75	0.0
-1.2798738807166568	-0.8417751797248287	0.0	rest	0	-5.672481830164742e-10	-2.1975454778050626e-14	0.0	14.75	0.0
-1.2748738807166569	-0.8367751797248288	0.0	rest	0	-5.672481830164742e-10	-2.1975454778050626e-14	0.0	14.75	0.0
-1.2698738807166567	-0.8317751797248287	0.0	rest	0	-5.672481830164742e-10	-2.1975454778050626e-14	0.0	14.75	0.0
-1.2648738807166569	-0.8267751797248288	0.0	rest	0	-5.672481830164742e-10	-2.1975454778050626e-14	0.0	14.75	0.0
-1.2598738807166567	-0.8217751797248287	0.0	rest	0	-5.672481830164742e-10	-2.1975454778050626e-14	0.0	14.75	0.0
-1.2548738807166568	-0.8167751797248288	0.0	rest	0	-5.672481830164742e-10	-2.1975454778050626e-14	0.0	14.75	0.0
-1.2498738807166567	-0.8117751797248287	0.0	rest	0	-5.672481830164742e-10	-2.1975454778050626e-14	0.0	14.75	0.0
-1.2448738807166568	-0.8067751797248288	0.0	rest	0	-5.672481830164742e-10	-2.1975454778050626e-14	0.0	14.75	0.0
-1.2398738807166567	-0.8017751797248287	0.0	rest	0	-5.672481830164742e-10	-2.1975454778050626e-14	0.0	14.75	0.0
-1.2348738807166568	-0.7967751797248288	0.0	rest	0	-5.672481830164742e-10	-2.1975454778050626e-14	0.0	14.75	0.0
-1.2298738807166567	-0.7917751797248287	0.0	rest	0	-5.672481830164742e-10	-2.1975454778050626e-14	0.0	14.75	0.0
-1.2248738807166568	-0.7867751797248288	0.0	rest	0	-5.672481830164742e-10	-2.1975454778050626e-14	0.0	14.75	0.0
-1.2198738807166567	-0.7817751797248287	0.0	rest	0	-5.672481830164742e-10	-2.1975454778050626e-14	0.0	14.75	0.0
-1.2148738807166568	-0.7767751797248288	0.0	rest	0	-5.672481830164742e-10	-2.1975454778050626e-14	0.0	14.75	0.0
-1.2098738807166567	-0.7717751797248287	0.0	rest	0	-5.672481830164742e-10	-2.1975454778050626e-14	0.0	14.75	0.0
-1.2048738807166568	-0.7667751797248288	0.0	rest	0	-5.672481830164742e-10	-2.1975454778050626e-14	0.0	14.75	0.0
-1.1998738807166567	-0.7617751797248287	0.0	rest	0	-5.672481830164742e-10	-2.1975454778050626e-14	0.0	14.75	0.0
-1.1948738807166568	-0.7567751797248288	0.0	rest	0	-5.672481830164742e-10	-2.1975454778050626e-14	0.0	14.75	0.0
-1.189873880716657	-0.7517751797248289	0.0	rest	0	-5.672481830164742e-10	-2.1975454778050626e-14	0.0	14.75	0.0
-1.1848738807166568	-0.7467751797248288	0.0	rest	0	-5.672481830164742e-10	-2.1975454778050626e-14	0.0	14.75	0.0
-1.1798738807166567	-0.7417751797248286	0.0	rest	0	-5.672481830164742e-10	-2.1975454778050626e-14	0.0	14.75	0.0
-1.1748738807166568	-0.7367751797248288	0.0	rest	0	-5.672481830164742e-10	-2.1975454778050626e-14	0.0	14.75	0.0
-1.4748738807166568	-1.0367751797248288	0.0	valley	0	0.4251132983032663	1.6469084154192977e-05	-0.3085021528059392	0.0	3.469446951953614e-18
-1.469873880716657	-1.031775179724829	0.0	valley	0	0.4251132983032663	1.6469084154192977e-05	-0.3085021528059392	0.0	3.469446951953614e-18
-1.4648738807166568	-1.0267751797248288	0.0	valley	0	0.4251132983032663	1.6469084154192977e-05	-0.3085021528059392	0.0	3.469446951953614e-18
-1.459873880716657	-1.021775179724829	0.0	valley	0	0.6096343364235399	2.3617513801420715e-05	-0.12398111468566554	0.0	0.0
-1.4548738807166568	-1.0167751797248288	0.0	valley	0	0.6096343364235399	2.3617513801420715e-05	-0.12398111468566554	0.0	0.0
-1.449873880716657	-1.0117751797248289	0.0	valley	0	0.6096343364235399	2.3617513801420715e-05	-0.12398111468566554	0.0	0.0
-1.4448738807166568	-1.0067751797248288	0.0	valley	0	0.6096343364235399	2.3617513801420715e-05	-0.12398111468566554	0.0	0.0
-1.439873880716657	-1.0017751797248289	0.0	valley	0	0.6096343364235399	2.3617513801420715e-05	-0.12398111468566554	0.0	0.0
-1.4348738807166568	-0.9967751797248288	0.0	valley	0	0.6096343364235399	2.3617513801420715e-05	-0.12398111468566554	0.0	0.0
-1.4298738807166569	-0.9917751797248289	0.0	valley	0	0.6096343364235399	2.3617513801420715e-05	-0.12398111468566554	0.0	0.0
-1.4248738807166568	-0.9867751797248288	0.0	valley	0	0.6096343364235399	2.3617513801420715e-05	-0.12398111468566554	0.0	0.0
-1.4198738807166569	-0.9817751797248289	0.0	valley	0	0.6656648098222149	2.5788160039223808e-05	-0.0679506412869905	0.0	0.0
-1.4148738807166568	-0.9767751797248287	0.0	valley	0	0.6656648098222149	2.5788160039223808e-05	-0.0679506412869905	0.0	0.0
-1.4098738807166569	-0.9717751797248289	0.0	valley	0	0.6656648098222149	2.5788160039223808e-05	-0.0679506412869905	0.0	0.0
-1.4048738807166568	-0.9667751797248287	0.0	valley	0	0.6656648098222149	2.5788160039223808e-05	-0.0679506412869905	0.0	0.0
-1.3998738807166569	-0.9617751797248288	0.0	valley	0	0.6656648098222149	2.5788160039223808e-05	-0.0679506412869905	0.0	0.0
-1.3948738807166567	-0.9567751797248287	0.0	valley	0	0.6656648098222149	2.5788160039223808e-05	-0.0679506412869905	0.0	0.0
-1.3898738807166569	-0.9517751797248288	0.0	valley	0	0.6656648098222149	2.5788160039223808e-05	-0.0679506412869905	0.0	0.0
-1.3848738807166567	-0.9467751797248287	0.0	valley	0	0.6656648098222149	2.5788160039223808e-05	-0.0679506412869905	0.0	0.0
-1.3798738807166568	-0.9417751797248288	0.0	valley	0	0.6656648098222149	2.5788160039223808e-05	-0.0679506412869905	0.0	0.0
-1.3748738807166567	-0.9367751797248287	0.0	valley	0	0.6656648098222149	2.5788160039223808e-05	-0.0679506412869905	0.0	0.0
-1.3698738807166568	-0.9317751797248288	0.0	valley	0	0.6656648098222149	2.5788160039223808e-05	-0.0679506412869905	0.0	0.0
-1.3648738807166567	-0.9267751797248287	0.0	valley	0	0.6656648098222149	2.5788160039223808e-05	-0.0679506412869905	0.0	0.0
-1.3598738807166568	-0.9217751797248288	0.0	valley	0	0.6656648098222149	2.5788160039223808e-05	-0.0679506412869905	0.0	0.0
-1.3548738807166567	-0.9167751797248287	0.0	valley	0	0.6656648098222149	2.5788160039223808e-05	-0.0679506412869905	0.0	0.0
-1.3498738807166568	-0.9117751797248288	0.0	valley	0	0.6656648098222149	2.5788160039223808e-05	-0.0679506412869905	0.0	0.0
-1.3448738807166567	-0.9067751797248287	0.0	valley	0	0.6656648098222149	2.5788160039223808e-05	-0.0679506412869905	0.0	0.0
-1.3398738807166568	-0.9017751797248288	0.0	valley	0	0.6656648098222149	2.5788160039223808e-05	-0.0679506412869905	0.0	0.0
-1.334873880716657	-0.8967751797248289	0.0	valley	0	0.6656648098222149	2.5788160039223808e-05	-0.0679506412869905	0.0	0.0
-1.3298738807166568	-0.8917751797248288	0.0	valley	0	0.6656648098222149	2.5788160039223808e-05	-0.0679506412869905	0.0	0.0
-1.3248738807166567	-0.8867751797248287	0.0	valley	0	0.6656648098222149	2.5788160039223808e-05	-0.0679506412869905	0.0	0.0
-1.3198738807166568	-0.8817751797248288	0.0	valley	0	0.6656648098222149	2.5788160039223808e-05	-0.0679506412869905	0.0	0.0
-1.314873880716657	-0.8767751797248289	0.0	valley	0	0.6656648098222149	2.5788160039223808e-05	-0.06795064128699049	0.0	0.0
-1.3098738807166568	-0.8717751797248288	0.0	valley	0	0.6656648098222149	2.5788160039223808e-05	-0.06795064128699049	0.0	0.0
-1.3048738807166567	-0.8667751797248286	0.0	valley	0	0.6656648098222149	2.5788160039223808e-05	-0.06795064128699049	0.0	0.0
-1.2998738807166568	-0.8617751797248288	0.0	valley	0	0.6656648098222149	2.5788160039223808e-05	-0.06795064128699049	0.0	0.0
-1.2948738807166569	-0.8567751797248289	0.0	valley	0	0.6656648098222149	2.5788160039223808e-05	-0.06795064128699049	0.0	0.0
-1.2898738807166568	-0.8517751797248287	0.0	valley	0	0.6656648098222149	2.5788160039223808e-05	-0.06795064128699049	0.0	0.0
-1.2848738807166569	-0.8467751797248289	0.0	valley	0	0.6656648098222149	2.5788160039223808e-05	-0.06795064128699049	0.0	0.0
-1.2798738807166568	-0.8417751797248287	0.0	valley	0	0.6656648098222149	2.5788160039223808e-05	-0.06795064128699049	0.0	0.0
-1.2748738807166569	-0.8367751797248288	0.0	valley	0	0.7336154511092055	2.8420599048197124e-05	0.0	0.0	0.0
-1.2698738807166567	-0.8317751797248287	0.0	valley	0	0.7336154511092055	2.8420599048197124e-05	0.0	0.0	0.0
-1.2648738807166569	-0.8267751797248288	0.0	valley	0	0.7336154511092055	2.8420599048197124e-05	0.0	0.0	0.0
-1.2598738807166567	-0.8217751797248287	0.0	valley	0	0.7336154511092055	2.8420599048197124e-05	0.0	0.0	0.0
-1.2548738807166568	-0.8167751797248288	0.0	valley	0	0.7336154511092055	2.8420599048197124e-05	0.0	0.0	0.0
-1.2498738807166567	-0.8117751797248287	0.0	valley	0	0.7336154511092055	2.8420599048197124e-05	0.0	0.0	0.0
-1.2448738807166568	-0.8067751797248288	0.0	valley	0	0.7336154511092055	2.8420599048197124e-05	0.0	0.0	0.0
-1.2398738807166567	-0.8017751797248287	0.0	valley	0	0.7336154511092055	2.8420599048197124e-05	0.0	0.0	0.0
-1.2348738807166568	-0.7967751797248288	0.0	valley	0	0.7336154511092055	2.8420599048197124e-05	0.0	0.0	0.0
-1.2298738807166567	-0.7917751797248287	0.0	valley	0	0.7336154511092055	2.8420599048197124e-05	0.0	0.0	0.0
-1.2248738807166568	-0.7867751797248288	0.0	valley	0	0.7336154511092055	2.8420599048197124e-05	0.0	0.0	0.0
-1.2198738807166567	-0.7817751797248287	0.0	valley	0	0.7336154511092055	2.8420599048197124e-05	0.0	0.0	0.0
-1.2148738807166568	-0.7767751797248288	0.0	valley	0	0.7336154511092055	2.8420599048197124e-05	0.0	0.0	0.0
-1.2098738807166567	-0.7717751797248287	0.0	valley	0	0.7336154511092055	2.8420599048197124e-05	0.0	0.0	0.0
-1.2048738807166568	-0.7667751797248288	0.0	valley	0	0.7336154511092055	2.8420599048197124e-05	0.0	0.0	0.0
-1.1998738807166567	-0.7617751797248287	0.0	valley	0	0.7336154511092055	2.8420599048197124e-05	0.0	0.0	0.0
-1.1948738807166568	-0.7567751797248288	0.0	valley	0	0.7336154511092055	2.8420599048197124e-05	0.0	0.0	0.0
-1.189873880716657	-0.7517751797248289	0.0	valley	0	0.7336154511092055	2.8420599048197124e-05	0.0	0.0	0.0
-1.1848738807166568	-0.7467751797248288	0.0	valley	0	0.7336154511092055	2.8420599048197124e-05	0.0	0.0	0.0
-1.1798738807166567	-0.7417751797248286	0.0	valley	0	0.7336154511092055	2.8420599048197124e-05	0.0	0.0	0.0
-1.1748738807166568	-0.7367751797248288	0.0	valley	0	0.7336154511092055	2.8420599048197124e-05	0.0	0.0	0.0
-1.4748738807166568	-1.0367751797248288	300.0	total	0	-2.4844324535031163e-09	-9.624805273196175e-14	-3.041210066221795e-10	17.917928761562543	-0.08207123843745955
-1.469873880716657	-1.031775179724829	300.0	total	0	-2.6471238412791418e-09	-1.0255079171269907e-13	-4.668127658408334e-10	17.92288662415439	-0.07711337584560693
-1.4648738807166568	-1.0267751797248288	300.0	total	0	-2.737097730527279e-09	-1.0603642144863485e-13	-5.567866527345773e-10	17.92786512877909	-0.07213487122091475
-1.459873880716657	-1.021775179724829	300.0	total	0	-2.7506911398858055e-09	-1.0656303636179211e-13	-5.703802097036509e-10	17.93281586695477	-0.06718413304523321
-1.4548738807166568	-1.0167751797248288	300.0	total	0	-2.69025670765876e-09	-1.0422177873910524e-13	-5.099454125599703e-10	17.937683889772273	-0.062316110227729635
-1.449873880716657	-1.0117751797248289	300.0	total	0	-2.5642024716560825e-09	-9.93383798216721e-14	-3.838910799895997e-10	17.942413079750747	-0.05758692024924872
-1.4448738807166568	-1.0067751797248288	300.0	total	0	-2.38610337019836e-09	-9.243873894616847e-14	-2.0579225996967052e-10	17.946951072583577	-0.05304892741642894
-1.439873880716657	-1.0017751797248289	300.0	total	0	-2.173052741615535e-09	-8.418505987934427e-14	7.2583175711657625e-12	17.95125307712627	-0.048746922873731655
-1.4348738807166568	-0.9967751797248288	300.0	total	0	-1.943583595045592e-09	-7.529531989535706e-14	2.3672764656033506e-10	17.955284237442584	-0.044715762557412136
-1.4298738807166569	-0.9917751797248289	300.0	total	0	-1.7155515107969224e-09	-6.646125236480362e-14	4.647594426790244e-10	17.9590205241502	-0.040979475849800814
-1.4248738807166568	-0.9867751797248288	300.0	total	0	-1.5043293640373637e-09	-5.82784095224447e-14	6.759815392628624e-10	17.962448420744543	-0.03755157925546527
-1.4198738807166569	-0.9817751797248289	300.0	total	0	-1.3215550239551334e-09	-5.1197647758332625e-14	8.587560850137408e-10	17.96556381380865	-0.03443618619134775
-1.4148738807166568	-0.9767751797248287	300.0	total	0	-1.174551258998293e-09	-4.550265448072805e-14	1.0057596234042308e-09	17.96837049691975	-0.03162950308024826
-1.4098738807166569	-0.9717751797248289	300.0	total	0	-1.0664007093298338e-09	-4.131285258339607e-14	1.1139101039323618e-09	17.970878600638155	-0.029121399361849005
-1.4048738807166568	-0.9667751797248287	300.0	total	0	-9.965433995153245e-10	-3.860654836117446e-14	1.1837678788057102e-09	17.97310312932324	-0.026896870676761074
-1.3998738807166569	-0.9617751797248288	300.0	total	0	-9.617065125171664e-10	-3.725695138095134e-14	1.218604542131809e-09	17.975062673123492	-0.024937326876519218
-1.3948738807166567	-0.9567751797248287	300.0	total	0	-9.569584479337832e-10	-3.7073009181294493e-14	1.2233524937673712e-09	17.97677829635588	-0.023221703644128344
-1.3898738807166569	-0.9517751797248288	300.0	total	0	-9.766905697511492e-10	-3.783744063062347e-14	1.203620441819955e-09	17.97827258049228	-0.021727419507724173
-1.3848738807166567	-0.9467751797248287	300.0	total	0	-1.015411436590356e-09	-3.9337504771273524e-14	1.1648995747090093e-09	17.979568804298633	-0.020431195701369982
-1.3798738807166568	-0.9417751797248288	300.0	total	0	-1.0682954207032743e-09	-4.1386254571011236e-14	1.1120157430642423e-09	17.980690256314016	-0.019309743685992465
-1.3748738807166567	-0.9367751797248287	300.0	total	0	-1.1314875338237834e-09	-4.3834346016319356e-14	1.0488235430683778e-09	17.981659683233026	-0.018340316766980645
-1.3698738807166568	-0.9317751797248288	300.0	total	0	-1.2022103483179018e-09	-4.657418028679216e-14	9.781009347966595e-10	17.982498877732628	-0.017501122267372535
-1.3648738807166567	-0.9267751797248287	300.0	total	0	-1.278725065029598e-09	-4.953839550562592e-14	9.015860209346324e-10	17.98322840266684	-0.01677159733317716
-1.3598738807166568	-0.9217751797248288	300.0	total	0	-1.3602096117238054e-09	-5.2695144217391305e-14	8.201013683037815e-10	17.98386743933662	-0.016132560663382527
-1.3548738807166567	-0.9167751797248287	300.0	total	0	-1.4465873590047291e-09	-5.6041457764149197e-14	7.337233771167872e-10	17.984433739175085	-0.01556626082492455
-1.3498738807166568	-0.9117751797248288	300.0	total	0	-1.5383436640333151e-09	-5.959613910492336e-14	6.419677371775036e-10	17.98494365246175	-0.015056347538247118
-1.3448738807166567	-0.9067751797248287	300.0	total	0	-1.6363313510910102e-09	-6.339222704352434e-14	5.439796812623917e-10	17.985412204866297	-0.014587795133699611
-1.3398738807166568	-0.9017751797248288	300.0	total	0	-1.7415862820508524e-09	-6.746985134401095e-14	4.3872483827932553e-10	17.985853192123557	-0.01414680787645383
-1.334873880716657	-0.8967751797248289	300.0	total	0	-1.8551253763186148e-09	-7.186840793057224e-14	3.2518539262439115e-10	17.98627926419797	-0.013720735802032468
-1.3298738807166568	-0.8917751797248288	300.0	total	0	-1.9777440993684884e-09	-7.661871350051807e-14	2.025668440665654e-10	17.986701972461187	-0.01329802753881709
-1.3248738807166567	-0.8867751797248287	300.0	total	0	-2.10979262959575e-09	-8.173433412549056e-14	7.051832325639015e-11	17.98713175681538	-0.012868243184623736
-1.3198738807166568	-0.8817751797248288	300.0	total	0	-2.2509489038190673e-09	-8.720279293013081e-14	-7.06378720753436e-11	17.987577855099268	-0.01242214490071857
-1.314873880716657	-0.8767751797248289	300.0	total	0	-2.399994383922859e-09	-9.297688318895954e-14	-2.1968360434486878e-10	17.98804812570571	-0.011951874294283725
-1.3098738807166568	-0.8717751797248288	300.0	total	0	-2.554630523403573e-09	-9.896755815620234e-14	-3.743195813142984e-10	17.98854878732226	-0.011451212677740363
-1.3048738807166567	-0.8667751797248286	300.0	total	0	-2.7113734256825296e-09	-1.0503985008051439e-13	-5.310620694240776e-10	17.98908409754628	-0.010915902453716328
-1.2998738807166568	-0.8617751797248288	300.0	total	0	-2.8655858303210516e-09	-1.1101410936562499e-13	-6.852746334694401e-10	17.98965601357473	-0.01034398642526214
-1.2948738807166569	-0.8567751797248289	300.0	total	0	-3.01169346892954e-09	-1.1667438629748667e-13	-8.313824743202584e-10	17.990263899372692	-0.009736100627315267
-1.2898738807166568	-0.8517751797248287	300.0	total	0	-3.143603172468703e-09	-1.2178462871288942e-13	-9.63292368156632e-10	17.99090435805305	-0.009095641946941149
-1.2848738807166569	-0.8467751797248289	300.0	total	0	-3.2553067336292034e-09	-1.261120759050094e-13	-1.074995929998682e-09	17.99157126757731	-0.00842873242270535
-1.2798738807166568	-0.8417751797248287	300.0	total	0	-3.3415883315137385e-09	-1.2945466458005234e-13	-1.161277503328382e-09	17.992256075947207	-0.007743924052770153
-1.2748738807166569	-0.8367751797248288	300.0	total	0	-3.3987101167038716e-09	-1.316675887371859e-13	-1.218399016983682e-09	17.99294836831012	-0.0070516316898813535
-1.2698738807166567	-0.8317751797248287	300.0	total	0	-3.4249254695673522e-09	-1.3268318353077087e-13	-1.2446145783704954e-09	17.993636661159506	-0.006363338840496468
-1.2648738807166569	-0.8267751797248288	300.0	total	0	-3.420706533751646e-09	-1.325197400222584e-13	-1.2403958030733253e-09	17.9943093242981	-0.005690675701899084
-1.2598738807166567	-0.8217751797248287	300.0	total	0	-3.3886267979985248e-09	-1.3127695634583353e-13	-1.2083159024975645e-09	17.994955497797626	-0.00504450220238145
-1.2548738807166568	-0.8167751797248288	300.0	total	0	-3.332939305093776e-09	-1.2911959732967292e-13	-1.1526285496888588e-09	17.995565871074806	-0.0044341289251961825
-1.2498738807166567	-0.8117751797248287	300.0	total	0	-3.258959884810361e-09	-1.2625360065728274e-13	-1.0786491798001038e-09	17.99613322440833	-0.0038667755916710366
-1.2448738807166568	-0.8067751797248288	300.0	total	0	-3.1723908300646535e-09	-1.228998757715961e-13	-9.920801298708365e-10	17.996652687528893	-0.003347312471099144
-1.2398738807166567	-0.8017751797248287	300.0	total	0	-3.078718808956633e-09	-1.1927097871126276e-13	-8.984080838696429e-10	17.997121726978083	-0.0028782730219251837
-1.2348738807166568	-0.7967751797248288	300.0	total	0	-2.9827698592029844e-09	-1.1555387239088601e-13	-8.024591266908735e-10	17.997539917558946	-0.002460082441062775
-1.2298738807166567	-0.7917751797248287	300.0	total	0	-2.888452457756258e-09	-1.1189997300022797e-13	-7.081416298031839e-10	17.997908575107346	-0.0020914248926655566
-1.2248738807166568	-0.7867751797248288	300.0	total	0	-2.7986730087220905e-09	-1.0842187596736122e-13	-6.183620920788376e-10	17.998230328533626	-0.0017696714663707493
-1.2198738807166567	-0.7817751797248287	300.0	total	0	-2.715383536023966e-09	-1.05195203594376e-13	-5.350725928661184e-10	17.9985086950483	-0.0014913049516893243
-1.2148738807166568	-0.7767751797248288	300.0	total	0	-2.6397107835038067e-09	-1.0226360645448869e-13	-4.5939975003108944e-10	17.998747701845527	-0.0012522981544799388
-1.2098738807166567	-0.7717751797248287	300.0	total	0	-2.572121556463616e-09	-9.964516879919879e-14	-3.9181082318558364e-10	17.998951577002675	-0.001048422997331444
-1.2048738807166568	-0.7667751797248288	300.0	total	0	-2.5125944379408507e-09	-9.733906092555454e-14	-3.322834711856283e-10	17.999124515924287	-0.000875484075734601
-1.1998738807166567	-0.7617751797248287	300.0	total	0	-2.4607704210854067e-09	-9.533137474352464e-14	-2.8045919235899993e-10	17.999270518663685	-0.0007294813363205384
-1.1948738807166568	-0.7567751797248288	300.0	total	0	-2.4160809897536183e-09	-9.360008567695395e-14	-2.357700663902433e-10	17.999393287498304	-0.0006067125017052703
-1.189873880716657	-0.7517751797248289	300.0	total	0	-2.377847855213352e-09	-9.211891650926294e-14	-1.9753658775918543e-10	17.999496171993147	-0.0005038280068702165
-1.1848738807166568	-0.7467751797248288	300.0	total	0	-2.345350207789207e-09	-9.085994274302772e-14	-1.6503882381688868e-10	17.999582149103063	-0.0004178508969435195
-1.1798738807166567	-0.7417751797248286	300.0	total	0	-2.317875693071535e-09	-8.979556744169766e-14	-1.3756472402097777e-10	17.999653827487435	-0.00034617251257713704
-1.1748738807166568	-0.7367751797248288	300.0	total	0	-2.294751880867178e-09	-8.889974035118018e-14	-1.1444089372809846e-10	17.99971346733075	-0.00028653266924920265
-1.4748738807166568	-1.0367751797248288	300.0	K	0	0.24981572586747058	9.677975797918166e-06	-0.11699199888059998	1.5853888453142637	-0.039611154685736345
-1.469873880716657	-1.031775179724829	300.0	K	0	0.25495311668502507	9.877000674451023e-06	-0.11185460806304548	1.587626812007609	-0.03737318799239101
-1.4648738807166568	-1.0267751797248288	300.0	K	0	0.26025628487722247	1.0082447842511227e-05	-0.10655143987084809	1.589914559386247	-0.035085440613752975
-1.459873880716657	-1.021775179724829	300.0	K	0	0.26565857787788427	1.0291735151114866e-05	-0.10114914687018628	1.5922218189266313	-0.032778181073368856
-1.4548738807166568	-1.0167751797248288	300.0	K	0	0.27108732028100835	1.0502047121700895e-05	-0.09572040446706222	1.5945158627015996	-0.03048413729840051
-1.449873880716657	-1.0117751797248289	300.0	K	0	0.27646914992897675	1.071054167063569e-05	-0.09033857481909374	1.5967641184718393	-0.028235881528160773
-1.4448738807166568	-1.0067751797248288	300.0	K	0	0.2817348672411525	1.0914537974427033e-05	-0.08507285750691801	1.5989365532852717	-0.026063446714728364
-1.439873880716657	-1.0017751797248289	300.0	K	0	0.28682315318990687	1.1111660505820659e-05	-0.07998457155816367	1.6010075053364523	-0.023992494663547446
-1.4348738807166568	-0.9967751797248288	300.0	K	0	0.2916828421566255	1.129992708528437e-05	-0.07512488259144504	1.6029567897769814	-0.02204321022301835
-1.4298738807166569	-0.9917751797248289	300.0	K	0	0.2962738044453202	1.1477783069990126e-05	-0.07053392030275031	1.6047700744422806	-0.020229925557719568
-1.4248738807166568	-0.9867751797248288	300.0	K	0	0.3005667703518437	1.1644094538174734e-05	-0.06624095439622674	1.6064386595936475	-0.01856134040635247
-1.4198738807166569	-0.9817751797248289	300.0	K	0	0.30454253824034055	1.1798117609658333e-05	-0.062265186507729914	1.6079588666160165	-0.017041133383983567
-1.4148738807166568	-0.9767751797248287	300.0	K	0	0.3081909559696625	1.193945898583657e-05	-0.05861676877840805	1.6093312405434543	-0.015668759456545382
-1.4098738807166569	-0.9717751797248289	300.0	K	0	0.31150991321833155	1.2068036911887487e-05	-0.055297811529739026	1.6105597222464538	-0.014440277753545812
-1.4048738807166568	-0.9667751797248287	300.0	K	0	0.31450441787969174	1.2184045395896103e-05	-0.0523033068683788	1.6116508801103817	-0.013349119889618016
-1.3998738807166569	-0.9617751797248288	300.0	K	0	0.31718571865226497	1.2287920217602362e-05	-0.04962200609580553	1.6126132347502247	-0.012386765249775153
-1.3948738807166567	-0.9567751797248287	300.0	K	0	0.3195704018950172	1.2380303940159926e-05	-0.04723732285305339	1.613456676720783	-0.011543323279217152
-1.3898738807166569	-0.9517751797248288	300.0	K	0	0.32167941805654393	1.2462008193556297e-05	-0.0451283066915266	1.6141919657032862	-0.01080803429671355
-1.3848738807166567	-0.9467751797248287	300.0	K	0	0.3235370461134952	1.253397355648243e-05	-0.04327067863457526	1.614830301858126	-0.010169698141873951
-1.3798738807166568	-0.9417751797248288	300.0	K	0	0.3251698502639379	1.2597229138155092e-05	-0.04163787448413259	1.6153829664101689	-0.009617033589831082
-1.3748738807166567	-0.9367751797248287	300.0	K	0	0.3266057036272583	1.265285475600329e-05	-0.04020202112081215	1.6158610327817502	-0.009138967218249935
-1.3698738807166568	-0.9317751797248288	300.0	K	0	0.32787294745949636	1.2701948363284712e-05	-0.038934777288574134	1.6162751496368484	-0.008724850363151496
-1.3648738807166567	-0.9267751797248287	300.0	K	0	0.32899973027833945	1.2745600446484865e-05	-0.037807994469731	1.6166353939472105	-0.008364606052789478
-1.3598738807166568	-0.9217751797248288	300.0	K	0	0.3300135407790059	1.2784875930264178e-05	-0.036794183969064656	1.6169511876342022	-0.008048812365798
-1.3548738807166567	-0.9167751797248287	300.0	K	0	0.33094092036291217	1.282080304068672e-05	-0.035866804385158324	1.6172312672017013	-0.007768732798298503
-1.3498738807166568	-0.9117751797248288	300.0	K	0	0.33180731995799934	1.2854367758373981e-05	-0.03500040479007116	1.6174836929523888	-0.0075163070476111414
-1.3448738807166567	-0.9067751797248287	300.0	K	0	0.3326370523328732	1.2886511971132784e-05	-0.03417067241519736	1.6177158830067995	-0.007284116993200381
-1.3398738807166568	-0.9017751797248288	300.0	K	0	0.3334532839981686	1.2918133160210423e-05	-0.0333544407499019	1.6179346571251796	-0.00706534287482068
-1.334873880716657	-0.8967751797248289	300.0	K	0	0.33427800832390575	1.295008335884873e-05	-0.032529716424164815	1.6181462758849294	-0.006853724115070453
-1.3298738807166568	-0.8917751797248288	300.0	K	0	0.33513194267527324	1.2983165167277115e-05	-0.03167578207279736	1.6183564618703843	-0.006643538129615629
-1.3248738807166567	-0.8867751797248287	300.0	K	0	0.3360342974990364	1.3018122807014125e-05	-0.03077342724903413	1.6185703912540237	-0.0064296087459762
-1.3198738807166568	-0.8817751797248288	300.0	K	0	0.3370023761349991	1.3055626617379927e-05	-0.029805348613071367	1.6187926468649372	-0.006207353135062981
-1.314873880716657	-0.8767751797248289	300.0	K	0	0.3380509834789038	1.3096250146825836e-05	-0.028756741269166747	1.6190271281489295	-0.005972871851070705
-1.3098738807166568	-0.8717751797248288	300.0	K	0	0.3391916522842811	1.3140440179513124e-05	-0.027616072463789422	1.6192769199262984	-0.005723080073701725
-1.3048738807166567	-0.8667751797248286	300.0	K	0	0.34043173886767414	1.3188481702518636e-05	-0.02637598588039639	1.619544130781705	-0.005455869218294999
-1.2998738807166568	-0.8617751797248288	300.0	K	0	0.3417734921042054	1.3240461838296063e-05	-0.025034232643865145	1.6198297226522862	-0.005170277347713778
-1.2948738807166569	-0.8567751797248289	300.0	K	0	0.3432132513411396	1.3296238771479488e-05	-0.02359447340693094	1.6201333637878712	-0.004866636212128841
-1.2898738807166568	-0.8517751797248287	300.0	K	0	0.3447409639233888	1.3355423057600157e-05	-0.022066760824681748	1.6204533444262996	-0.004546655573700327
-1.2848738807166569	-0.8467751797248289	300.0	K	0	0.34634021160510686	1.3417378646283773e-05	-0.020467513142963734	1.6207865942194828	-0.0042134057805172445
-1.2798738807166568	-0.8417751797248287	300.0	K	0	0.34798888160560987	1.3481248878264631e-05	-0.01881884314246068	1.6211288294795827	-0.0038711705204174367
-1.2748738807166569	-0.8367751797248288	300.0	K	0	0.34966051122309105	1.3546008576337637e-05	-0.017147213524979513	1.6214748364431764	-0.0035251635568235803
-1.2698738807166567	-0.8317751797248287	300.0	K	0	0.35132619507808843	1.3610537932844999e-05	-0.015481529669982055	1.621818868134015	-0.00318113186598489
-1.2648738807166569	-0.8267751797248288	300.0	K	0	0.35295681087023506	1.3673708736513582e-05	-0.013850913877835484	1.6221551051485739	-0.002844894851426296
-1.2598738807166567	-0.8217751797248287	300.0	K	0	0.3545252379100204	1.3734470319392858e-05	-0.012282486838050234	1.6224781139745261	-0.002521886025473957
-1.2548738807166568	-0.8167751797248288	300.0	K	0	0.35600824254714897	1.3791922599214284e-05	-0.010799482200921601	1.6227832363957422	-0.0022167636042578097
-1.2498738807166567	-0.8117751797248287	300.0	K	0	0.35738778597066106	1.3845366744167794e-05	-0.009419938777409497	1.623066860141114	-0.0019331398588858832
-1.2448738807166568	-0.8067751797248288	300.0	K	0	0.3586516428146171	1.389432913796973e-05	-0.008156081933453425	1.6233265480892793	-0.0016734519107206467
-1.2398738807166567	-0.8017751797248287	300.0	K	0	0.35979335868663026	1.3938559734498727e-05	-0.007014366061440316	1.6235610318735805	-0.0014389681264196327
-1.2348738807166568	-0.7967751797248288	300.0	K	0	0.3608116815401903	1.3978010028898724e-05	-0.005996043207880277	1.6237700975460403	-0.0012299024539596125
-1.2298738807166567	-0.7917751797248287	300.0	K	0	0.361709655465841	1.4012797950633561e-05	-0.005098069282229518	1.6239544019123897	-0.0010455980876105098
-1.2248738807166568	-0.7867751797248288	300.0	K	0	0.362493567298363	1.4043167054566092e-05	-0.004314157449707558	1.624115258511235	-0.0008847414887648107
-1.2198738807166567	-0.7817751797248287	300.0	K	0	0.36317190214870687	1.406944605778623e-05	-0.0036358225993637695	1.6242544251924809	-0.0007455748075190426
-1.2148738807166568	-0.7767751797248288	300.0	K	0	0.3637544135216483	1.4092012815542423e-05	-0.003053311226422292	1.6243739149307397	-0.0006260850692602339
-1.2098738807166567	-0.7717751797248287	300.0	K	0	0.3642513635274662	1.4111264886693591e-05	-0.002556361220604409	1.6244758412517724	-0.0005241587482277488
-1.2048738807166568	-0.7667751797248288	300.0	K	0	0.36467294853246357	1.4127597283146865e-05	-0.0021347762156069534	1.6245623014351362	-0.0004376985648636644
-1.1998738807166567	-0.7617751797248287	300.0	K	0	0.3650288987217678	1.4141386956736822e-05	-0.0017788260263027031	1.6246352951591903	-0.00036470484080992514
-1.1948738807166568	-0.7567751797248288	300.0	K	0	0.36532822549197935	1.4152983013100837e-05	-0.0014794992560911685	1.6246966732755834	-0.0003033267244163659
-1.189873880716657	-0.7517751797248289	300.0	K	0	0.3655790853714324	1.416270143988756e-05	-0.0012286393766381355	1.624748110330285	-0.00025188966971486574
-1.1848738807166568	-0.7467751797248288	300.0	K	0	0.3657887299498474	1.4170823167008701e-05	-0.001018994798223091	1.6247910946058035	-0.0002089053941964462
-1.1798738807166567	-0.7417751797248286	300.0	K	0	0.36596351528201804	1.4177594430942166e-05	-0.0008442094660525488	1.6248269302711777	-0.0001730697288223498
-1.1748738807166568	-0.7367751797248288	300.0	K	0	0.36610894942493294	1.4183228616341959e-05	-0.0006987753231375815	1.6248567472862911	-0.00014325271370895258
-1.4748738807166568	-1.0367751797248288	300.0	Kprime	0	-0.24981572777907482	-9.67797587197459e-06	0.11699199858205861	1.5853888468515995	-0.03961115314840068
-1.469873880716657	-1.031775179724829	300.0	Kprime	0	-0.2549531187602376	-9.877000754845707e-06	0.1118546076008959	1.5876268135913034	-0.037373186408696635
-1.4648738807166568	-1.0267751797248288	300.0	Kprime	0	-0.2602562870431837	-1.0082447926421558e-05	0.10655143931794976	1.5899145609826546	-0.035085439017345364
-1.459873880716657	-1.021775179724829	300.0	Kprime	0	-0.26565858005809134	-1.0291735235577087e-05	0.10114914630304203	1.5922218205004366	-0.03277817949956348
-1.4548738807166568	-1.0167751797248288	300.0	Kprime	0	-0.271087322401328	-1.050204720384305e-05	0.09572040395980543	1.594515864218426	-0.03048413578157378
-1.449873880716657	-1.0117751797248289	300.0	Kprime	0	-0.2764691519237	-1.0710541747912182e-05	0.09033857443743346	1.596764119900849	-0.028235880099150994
-1.4448738807166568	-1.0067751797248288	300.0	Kprime	0	-0.2817348690581589	-1.0914538044818696e-05	0.08507285730297455	1.5989365546013605	-0.02606344539863926
-1.439873880716657	-1.0017751797248289	300.0	Kprime	0	-0.2868231547941807	-1.1111660567970963e-05	0.07998457156695273	1.6010075065217408	-0.02399249347825906
-1.4348738807166568	-0.9967751797248288	300.0	Kprime	0	-0.2916828435316944	-1.129992713855517e-05	0.07512488282943909	1.602956790821439	-0.022043209178561146
-1.4298738807166569	-0.9917751797248289	300.0	Kprime	0	-0.29627380559257654	-1.1477783114435363e-05	0.07053392076855682	1.6047700753434975	-0.020229924656502286
-1.4248738807166568	-0.9867751797248288	300.0	Kprime	0	-0.30056677128806	-1.1644094574444182e-05	0.06624095507307344	1.606438660355902	-0.018561339644097726
-1.4198738807166569	-0.9817751797248289	300.0	Kprime	0	-0.30454253899393285	-1.1798117638852845e-05	0.062265187367200575	1.6079588672488598	-0.01704113275114014
-1.4148738807166568	-0.9767751797248287	300.0	Kprime	0	-0.3081909565763758	-1.1939459009340921e-05	0.058616769784757626	1.609331241060081	-0.015668758939918953
-1.4098738807166569	-0.9717751797248289	300.0	Kprime	0	-0.3115099137169973	-1.2068036931206029e-05	0.055297812644136066	1.6105597226620885	-0.014440277337911542
-1.4048738807166568	-0.9667751797248287	300.0	Kprime	0	-0.31450441830858494	-1.2184045412511622e-05	0.05230330805254847	1.6116508804408665	-0.013349119559133373
-1.3998738807166569	-0.9617751797248288	300.0	Kprime	0	-0.3171857190463918	-1.2287920232871015e-05	0.04962200731474154	1.6126132350109177	-0.01238676498908225
-1.3948738807166567	-0.9567751797248287	300.0	Kprime	0	-0.3195704022844542	-1.2380303955246896e-05	0.047237324076679285	1.6134566769258052	-0.011543323074194783
-1.3898738807166569	-0.9517751797248288	300.0	Kprime	0	-0.3216794184657609	-1.246200820940955e-05	0.045128307895372526	1.6141919658651025	-0.010808034134897393
-1.3848738807166567	-0.9467751797248287	300.0	Kprime	0	-0.32353704656147264	-1.2533973573837281e-05	0.043270679799660795	1.6148303019873982	-0.010169698012601714
-1.3798738807166568	-0.9417751797248288	300.0	Kprime	0	-0.3251698507648318	-1.259722915755995e-05	0.04163787559630165	1.6153829665158135	-0.009617033484186436
-1.3748738807166567	-0.9367751797248287	300.0	Kprime	0	-0.3266057041913713	-1.2652854777857286e-05	0.0402020221697621	1.6158610328711207	-0.009138967128879232
-1.3698738807166568	-0.9317751797248288	300.0	Kprime	0	-0.32787294809435413	-1.2701948387879393e-05	0.038934778266779276	1.6162751497159842	-0.008724850284015805
-1.3648738807166567	-0.9267751797248287	300.0	Kprime	0	-0.32899973098973057	-1.2745600474044483e-05	0.03780799537140291	1.6166353940211016	-0.008364605978898728
-1.3598738807166568	-0.9217751797248288	300.0	Kprime	0	-0.3300135415718965	-1.2784875960981124e-05	0.03679418478923685	1.6169511877070417	-0.008048812292958132
-1.3548738807166567	-0.9167751797248287	300.0	Kprime	0	-0.33094092124219343	-1.282080307475048e-05	0.03586680511894007	1.6172312672771103	-0.00776873272288968
-1.3498738807166568	-0.9117751797248288	300.0	Kprime	0	-0.33180732092904636	-1.2854367795992788e-05	0.03500040543208701	1.6174836930335936	-0.007516306966406066
-1.3448738807166567	-0.9067751797248287	300.0	Kprime	0	-0.3326370534019167	-1.2886512012548018e-05	0.0341706729592167	1.617715883096773	-0.007284116903226685
-1.3398738807166568	-0.9017751797248288	300.0	Kprime	0	-0.333453285172474	-1.2918133205703553e-05	0.03335444118865943	1.6179346572267312	-0.007065342773268809
-1.334873880716657	-0.8967751797248289	300.0	Kprime	0	-0.3342780096117563	-1.2950083408740651e-05	0.03252971674937715	1.618146276000752	-0.006853723999248264
-1.3298738807166568	-0.8917751797248288	300.0	Kprime	0	-0.335131944085747	-1.2983165221919514e-05	0.03167578227538641	1.6183564620030488	-0.006643537996951103
-1.3248738807166567	-0.8867751797248287	300.0	Kprime	0	-0.3360342990415626	-1.3018122866772298e-05	0.030773427319570758	1.6185703914059302	-0.006429608594069777
-1.3198738807166568	-0.8817751797248288	300.0	Kprime	0	-0.3370023778186849	-1.3055626682606687e-05	0.02980534854244858	1.61879264703821	-0.006207352961789945
-1.314873880716657	-0.8767751797248289	300.0	Kprime	0	-0.3380509853116379	-1.3096250217826798e-05	0.02875674104949558	1.6190271283452695	-0.005972871654730445
-1.3098738807166568	-0.8717751797248288	300.0	Kprime	0	-0.33919165427165326	-1.3140440256504832e-05	0.027616072089480092	1.6192769201467951	-0.005723079853204798
-1.3048738807166567	-0.8667751797248286	300.0	Kprime	0	-0.3404317410117907	-1.3188481785582695e-05	0.02637598534934276	1.61954413102663	-0.005455868973369964
-1.2998738807166568	-0.8617751797248288	300.0	Kprime	0	-0.3417734944025359	-1.3240461927334442e-05	0.02503423195859748	1.6198297229208949	-0.0051702770791055026
-1.2948738807166569	-0.8567751797248289	300.0	Kprime	0	-0.3432132537855792	-1.32962388661782e-05	0.023594472575554196	1.6201333640782485	-0.004866635921751242
-1.2898738807166568	-0.8517751797248287	300.0	Kprime	0	-0.34474096649973934	-1.3355423157409158e-05	0.022066759861394118	1.6204533447352973	-0.0045466552647027
-1.2848738807166569	-0.8467751797248289	300.0	Kprime	0	-0.34634021429316175	-1.3417378750420252e-05	0.020467512067971705	1.6207865945427713	-0.004213405457228833
-1.2798738807166568	-0.8417751797248287	300.0	Kprime	0	-0.3479888843799471	-1.3481248985743729e-05	0.018818841981186392	1.621128829811848	-0.0038711701881518476
-1.2748738807166569	-0.8367751797248288	300.0	Kprime	0	-0.34966051405455023	-1.3546008686029664e-05	0.017147212306583136	1.621474836778449	-0.003525163221550793
-1.2698738807166567	-0.8317751797248287	300.0	Kprime	0	-0.35132619793576375	-1.3610538043552652e-05	0.01548152842536966	1.6218188684660917	-0.003181131533908222
-1.2648738807166569	-0.8267751797248288	300.0	Kprime	0	-0.3529568137236919	-1.3673708847057809e-05	0.013850912637441483	1.622155105471475	-0.00284489452852494
-1.2598738807166567	-0.8217751797248287	300.0	Kprime	0	-0.3545252407313977	-1.3734470428694308e-05	0.01228248562973581	1.6224781142829192	-0.002521885717080575
-1.2548738807166568	-0.8167751797248288	300.0	Kprime	0	-0.3560082453128391	-1.3791922706358387e-05	0.010799481048294271	1.622783236685268	-0.002216763314731951
-1.2498738807166567	-0.8117751797248287	300.0	Kprime	0	-0.35738778866237203	-1.3845366848445912e-05	0.00941993769876132	1.6230668604085792	-0.0019331395914206255
-1.2448738807166568	-0.8067751797248288	300.0	Kprime	0	-0.3586516454197593	-1.3894329238894134e-05	0.008156080941374119	1.6233265483327095	-0.0016734516672905146
-1.2398738807166567	-0.8017751797248287	300.0	Kprime	0	-0.35979336119810057	-1.3938559831794239e-05	0.0070143651630329125	1.6235610320921483	-0.0014389679078517384
-1.2348738807166568	-0.7967751797248288	300.0	Kprime	0	-0.3608116839557117	-1.3978010122477134e-05	0.005996042405421714	1.6237700977399068	-0.0012299022600931642
-1.2298738807166567	-0.7917751797248287	300.0	Kprime	0	-0.3617096577870451	-1.4012798040558074e-05	0.005098068574088358	1.6239544020824956	-0.001045597917504603
-1.2248738807166568	-0.7867751797248288	300.0	Kprime	0	-0.3624935695297876	-1.4043167141012505e-05	0.0043141568313458485	1.6241152586590815	-0.0008847413409184267
-1.2198738807166567	-0.7817751797248287	300.0	Kprime	0	-0.363171904296842	-1.406944614100597e-05	0.00363582206429149	1.6242544253199236	-0.0007455746800763295
-1.2148738807166568	-0.7767751797248288	300.0	Kprime	0	-0.36375441559411065	-1.4092012895830567e-05	0.0030533107670228012	1.6243739150398153	-0.0006260849601849804
-1.2098738807166567	-0.7717751797248287	300.0	Kprime	0	-0.3642513655323396	-1.4111264964363307e-05	0.0025563608287937976	1.6244758413445597	-0.0005241586554402667
-1.2048738807166568	-0.7667751797248288	300.0	Kprime	0	-0.36467295047780973	-1.4127597358510468e-05	0.002134775883323656	1.6245623015136597	-0.00043769848634024296
-1.1998738807166567	-0.7617751797248287	300.0	Kprime	0	-0.3650289006152898	-1.4141387030092734e-05	0.0017788257458436565	1.6246352952253509	-0.00036470477464898497
-1.1948738807166568	-0.7567751797248288	300.0	Kprime	0	-0.3653282273408122	-1.415298308472547e-05	0.0014794990203212215	1.6246966733311228	-0.0003033266688775255
-1.189873880716657	-0.7517751797248289	300.0	Kprime	0	-0.3655790871820318	-1.4162701510031013e-05	0.0012286391791016466	1.6247481103767625	-0.00025188962323741186
-1.1848738807166568	-0.7467751797248288	300.0	Kprime	0	-0.3657887317279491	-1.4170823235893178e-05	0.0010189946331843498	1.6247910946445971	-0.00020890535540299548
-1.1798738807166567	-0.7417751797248286	300.0	Kprime	0	-0.36596351703264557	-1.4177594498762278e-05	0.0008442093284878893	1.624826930303487	-0.00017306969651275267
-1.1748738807166568	-0.7367751797248288	300.0	Kprime	0	-0.3661089511524367	-1.4183228683266247e-05	0.0006987752086967411	1.6248567473131519	-0.0001432526868481303
-1.4748738807166568	-1.0367751797248288	300.0	rest	0	-5.728279399316974e-10	-2.2191617120098078e-14	-5.579628061214446e-12	14.747151069396674	-0.002848930603322468
-1.469873880716657	-1.031775179724829	300.0	rest	0	-5.719115337284418e-10	-2.2156115123474875e-14	-4.663187141724375e-12	14.747632998555474	-0.0023670014445192644
-1.4648738807166568	-1.0267751797248288	300.0	rest	0	-5.711365423442603e-10	-2.2126091601802414e-14	-3.8883361658941145e-12	14.748036008410194	-0.0019639915898164587
-1.459873880716657	-1.021775179724829	300.0	rest	0	-5.704841804734601e-10	-2.2100818803722287e-14	-3.235951800779093e-12	14.748372227527698	-0.0016277724723009106
-1.4548738807166568	-1.0167751797248288	300.0	rest	0	-5.699367325069304e-10	-2.207961041841229e-14	-2.6886085244323123e-12	14.748652162852247	-0.0013478371477553288
-1.449873880716657	-1.0117751797248289	300.0	rest	0	-5.694790574335058e-10	-2.206187987615546e-14	-2.230788643518003e-12	14.748884841378048	-0.0011151586219369678
-1.4448738807166568	-1.0067751797248288	300.0	rest	0	-5.69096908241211e-10	-2.204707524117349e-14	-1.8488051987153745e-12	14.749077964696937	-0.0009220353030612856
-1.439873880716657	-1.0017751797248289	300.0	rest	0	-5.68778861208798e-10	-2.2034753953265757e-14	-1.5307523875212404e-12	14.749238065268075	-0.0007619347319251813
-1.4348738807166568	-0.9967751797248288	300.0	rest	0	-5.685146196944797e-10	-2.202451711580688e-14	-1.2664096246142865e-12	14.749370656844167	-0.0006293431558326345
-1.4298738807166569	-0.9917751797248289	300.0	rest	0	-5.682951653174031e-10	-2.201601535258633e-14	-1.0470307282027553e-12	14.749480374364433	-0.0005196256355789429
-1.4248738807166568	-0.9867751797248288	300.0	rest	0	-5.681133704185473e-10	-2.200897253482455e-14	-8.651721974562231e-13	14.749571100794993	-0.0004288992050151044
-1.4198738807166569	-0.9817751797248289	300.0	rest	0	-5.679627242813781e-10	-2.2003136434376865e-14	-7.145830028219752e-13	14.749646079943775	-0.00035392005622404677
-1.4148738807166568	-0.9767751797248287	300.0	rest	0	-5.678381070577965e-10	-2.199830870597971e-14	-5.899662318261871e-13	14.749708015316209	-0.0002919846837839194
-1.4098738807166569	-0.9717751797248289	300.0	rest	0	-5.677350727685209e-10	-2.1994317110356568e-14	-4.869380774847286e-13	14.74975915572959	-0.00024084427039165344
-1.4048738807166568	-0.9667751797248287	300.0	rest	0	-5.676500342479112e-10	-2.199102267906529e-14	-4.018047048101977e-13	14.74980136877199	-0.00019863122800968478
-1.3998738807166569	-0.9617751797248288	300.0	rest	0	-5.675797257547388e-10	-2.1988298895792847e-14	-3.314720476138288e-13	14.749836203362344	-0.0001637966376618114
-1.3948738807166567	-0.9567751797248287	300.0	rest	0	-5.675214375164015e-10	-2.19860407827058e-14	-2.7340867166327335e-13	14.749864942709284	-0.00013505729071641064
-1.3898738807166569	-0.9517751797248288	300.0	rest	0	-5.674736871491677e-10	-2.198419091157849e-14	-2.2548419796321104e-13	14.749888648923891	-0.0001113510761132408
-1.3848738807166567	-0.9467751797248287	300.0	rest	0	-5.674341146857536e-10	-2.1982657856195942e-14	-1.859349470503899e-13	14.749908200453115	-9.179954689428922e-05
-1.3798738807166568	-0.9417751797248288	300.0	rest	0	-5.674013722425094e-10	-2.1981389398927364e-14	-1.5330856365462762e-13	14.749924323388022	-7.567661197494172e-05
-1.3748738807166567	-0.9367751797248287	300.0	rest	0	-5.67374499760998e-10	-2.1980348346668568e-14	-1.2639929441049263e-13	14.749937617580162	-6.238241985148249e-05
-1.3698738807166568	-0.9317751797248288	300.0	rest	0	-5.673524598360694e-10	-2.1979494509868234e-14	-1.0420184295643137e-13	14.749948578379795	-5.142162020522159e-05
-1.3648738807166567	-0.9267751797248287	300.0	rest	0	-5.673338413229279e-10	-2.1978773220129766e-14	-8.590319265113745e-14	14.74995761469852	-4.23853014889713e-05
-1.3598738807166568	-0.9217751797248288	300.0	rest	0	-5.673189141808471e-10	-2.1978194935799232e-14	-7.080734176428493e-14	14.749965063995376	-3.493600462638707e-05
-1.3548738807166567	-0.9167751797248287	300.0	rest	0	-5.67306544179706e-10	-2.1977715716281533e-14	-5.837445650624165e-14	14.749971204696257	-2.8795303736361855e-05
-1.3498738807166568	-0.9117751797248288	300.0	rest	0	-5.672963659071776e-10	-2.1977321405335525e-14	-4.8112184587227055e-14	14.749976266475773	-2.373352422991883e-05
-1.3448738807166567	-0.9067751797248287	300.0	rest	0	-5.672879417391328e-10	-2.197699504920173e-14	-3.9660734076851346e-14	14.749980438762737	-1.9561237272535195e-05
-1.3398738807166568	-0.9017751797248288	300.0	rest	0	-5.672809346441513e-10	-2.1976723591128348e-14	-3.2685693242407556e-14	14.749983877771639	-1.6122228364335287e-05
-1.334873880716657	-0.8967751797248289	300.0	rest	0	-5.67275133203996e-10	-2.1976498840675903e-14	-2.6938281780886232e-14	14.749986712312301	-1.3287687713745223e-05
-1.3298738807166568	-0.8917751797248288	300.0	rest	0	-5.672704448289871e-10	-2.197631721087774e-14	-2.220801002597384e-14	14.749989048587754	-1.09514122503638e-05
-1.3248738807166567	-0.8867751797248287	300.0	rest	0	-5.672663562164979e-10	-2.1976158816154668e-14	-1.8299941793759163e-14	14.74999097415543	-9.025844577754414e-06
-1.3198738807166568	-0.8817751797248288	300.0	rest	0	-5.672632684626985e-10	-2.1976039195156285e-14	-1.5081834975538277e-14	14.749992561196123	-7.438803865639744e-06
-1.314873880716657	-0.8767751797248289	300.0	rest	0	-5.672605025988699e-10	-2.1975932044323004e-14	-1.2431984807972189e-14	14.749993869211517	-6.1307884825768576e-06
-1.3098738807166568	-0.8717751797248288	300.0	rest	0	-5.672583121606736e-10	-2.1975847185742637e-14	-1.0248652295149932e-14	14.749994947249169	-5.052750833833125e-06
-1.3048738807166567	-0.8667751797248286	300.0	rest	0	-5.672567081762793e-10	-2.1975785046651536e-14	-8.442184785051486e-15	14.749995835737945	-4.1642620513589435e-06
-1.2998738807166568	-0.8617751797248288	300.0	rest	0	-5.672551934026295e-10	-2.1975726363625593e-14	-6.9578932241645665e-15	14.749996568001563	-3.431998442861056e-06
-1.2948738807166569	-0.8567751797248289	300.0	rest	0	-5.67253818234466e-10	-2.197567308898022e-14	-5.729680163516966e-15	14.749997171506577	-2.8284934351800615e-06
-1.2898738807166568	-0.8517751797248287	300.0	rest	0	-5.672529282143031e-10	-2.19756386091909e-14	-4.73033874715471e-15	14.749997668891455	-2.331108538136278e-06
-1.2848738807166569	-0.8467751797248289	300.0	rest	0	-5.672520936415341e-10	-2.197560627745905e-14	-3.896354153330379e-15	14.749998078815054	-1.921184959264892e-06
-1.2798738807166568	-0.8417751797248287	300.0	rest	0	-5.672513768996958e-10	-2.1975578510551503e-14	-3.212286753948527e-15	14.749998416655783	-1.5833442008745691e-06
-1.2748738807166569	-0.8367751797248288	300.0	rest	0	-5.672507719385083e-10	-2.1975555074077633e-14	-2.646458182502115e-15	14.749998695088498	-1.3049115069798062e-06
-1.2698738807166567	-0.8317751797248287	300.0	rest	0	-5.672504840326659e-10	-2.1975543920473252e-14	-2.18059081223935e-15	14.74999892455941	-1.0754406033584147e-06
-1.2648738807166569	-0.8267751797248288	300.0	rest	0	-5.672498683545988e-10	-2.1975520068822554e-14	-1.799525775839983e-15	14.749999113678056	-8.863219478478681e-07
-1.2598738807166567	-0.8217751797248287	300.0	rest	0	-5.672496383199626e-10	-2.197551115717524e-14	-1.4835196449280677e-15	14.749999269540181	-7.304598269113597e-07
-1.2548738807166568	-0.8167751797248288	300.0	rest	0	-5.672493780181778e-10	-2.1975501072964712e-14	-1.221704972422299e-15	14.749999397993786	-6.020062064194092e-07
-1.2498738807166567	-0.8117751797248287	300.0	rest	0	-5.672491971358742e-10	-2.197549406550131e-14	-1.0046494245190766e-15	14.749999503858628	-4.961413645281618e-07
-1.2448738807166568	-0.8067751797248288	300.0	rest	0	-5.672490610903471e-10	-2.197548879503519e-14	-8.250526575777988e-16	14.749999591106912	-4.0889308798330925e-07
-1.2398738807166567	-0.8017751797248287	300.0	rest	0	-5.672487492604248e-10	-2.197547671460098e-14	-6.831915469935337e-16	14.749999663012348	-3.3698765381159093e-07
-1.2348738807166568	-0.7967751797248288	300.0	rest	0	-5.672486317195319e-10	-2.1975472161012878e-14	-5.638594808331246e-16	14.749999722272998	-2.7772700999971756e-07
-1.2298738807166567	-0.7917751797248287	300.0	rest	0	-5.672485619952991e-10	-2.197546945986412e-14	-4.694801983454358e-16	14.74999977111245	-2.288875504413462e-07
-1.2248738807166568	-0.7867751797248288	300.0	rest	0	-5.672485190927716e-10	-2.1975467797800527e-14	-3.8380482571098033e-16	14.749999811363313	-1.8863668751316011e-07
-1.2198738807166567	-0.7817751797248287	300.0	rest	0	-5.672485605691144e-10	-2.1975469404613072e-14	-3.141811650954366e-16	14.74999984453591	-1.554640939522115e-07
-1.2148738807166568	-0.7767751797248288	300.0	rest	0	-5.672485816518301e-10	-2.197547022136715e-14	-2.5991565306568963e-16	14.749999871874975	-1.281250347258626e-07
-1.2098738807166567	-0.7717751797248287	300.0	rest	0	-5.67248483349916e-10	-2.1975466413105908e-14	-2.1115451484761928e-16	14.74999989440634	-1.0559366342937685e-07
-1.2048738807166568	-0.7667751797248288	300.0	rest	0	-5.672483037607801e-10	-2.1975459455740418e-14	-1.7414158466474434e-16	14.74999991297547	-8.702453069329017e-08
-1.1998738807166567	-0.7617751797248287	300.0	rest	0	-5.672485262496922e-10	-2.1975468075062914e-14	-1.4535240750758825e-16	14.749999928279141	-7.172086162827324e-08
-1.1948738807166568	-0.7567751797248288	300.0	rest	0	-5.672483749722036e-10	-2.1975462214503622e-14	-1.1983320505908002e-16	14.7499999408916	-5.910841137895572e-08
-1.189873880716657	-0.7517751797248289	300.0	rest	0	-5.672483515534367e-10	-2.197546130724985e-14	-9.888065874689701e-17	14.749999951286094	-4.8713917938593105e-08
-1.1848738807166568	-0.7467751797248288	300.0	rest	0	-5.67248319838851e-10	-2.1975460078612256e-14	-8.227610130888258e-17	14.749999959852659	-4.0147344077819444e-08
-1.1798738807166567	-0.7417751797248286	300.0	rest	0	-5.672482722669724e-10	-2.1975458235655858e-14	-6.470827761905564e-17	14.749999966912766	-3.30872420347077e-08
-1.1748738807166568	-0.7367751797248288	300.0	rest	0	-5.672482962418109e-10	-2.1975459164452102e-14	-5.358104361450507e-17	14.74999997273131	-2.7268692119677552e-08
-1.4748738807166568	-1.0367751797248288	300.0	valley	0	0.4996314536465453	1.9355951669892752e-05	-0.23398399746265863	-1.5373357586945247e-09	-1.537335665507348e-09
-1.469873880716657	-1.031775179724829	300.0	valley	0	0.5099062354452626	1.975400142929673e-05	-0.22370921566394136	-1.583694286821924e-09	-1.5836943760653152e-09
-1.4648738807166568	-1.0267751797248288	300.0	valley	0	0.5205125719204062	2.0164895768932786e-05	-0.2131028791887978	-1.5964075478214212e-09	-1.5964076244880674e-09
-1.459873880716657	-1.021775179724829	300.0	valley	0	0.5313171579359757	2.0583470386691955e-05	-0.2022982931732283	-1.5738055858527389e-09	-1.573805377306451e-09
-1.4548738807166568	-1.0167751797248288	300.0	valley	0	0.5421746426823362	2.1004094325543938e-05	-0.19144080842686767	-1.5168263450826558e-09	-1.5168267292222618e-09
-1.449873880716657	-1.0117751797248289	300.0	valley	0	0.5529383018526768	2.1421083418547874e-05	-0.18067714925652717	-1.4290102712255504e-09	-1.429009773983329e-09
-1.4448738807166568	-1.0067751797248288	300.0	valley	0	0.5634697362993115	2.1829076019245732e-05	-0.17014571480989255	-1.3160887796237475e-09	-1.3160891001139097e-09
-1.439873880716657	-1.0017751797248289	300.0	valley	0	0.5736463079840874	2.222332107379162e-05	-0.1599691431251164	-1.1852883535778957e-09	-1.1852883789685554e-09
-1.4348738807166568	-0.9967751797248288	300.0	valley	0	0.5833656856883198	2.2599854223839537e-05	-0.15024976542088408	-1.0444576314938558e-09	-1.0444572104337778e-09
-1.4298738807166569	-0.9917751797248289	300.0	valley	0	0.5925476100378967	2.2955566184425488e-05	-0.1410678410713071	-9.012173229905329e-10	-9.012172822008143e-10
-1.4248738807166568	-0.9867751797248288	300.0	valley	0	0.6011335416399038	2.328818911261892e-05	-0.13248190946930014	-7.622545233898492e-10	-7.622547402302837e-10
-1.4198738807166569	-0.9817751797248289	300.0	valley	0	0.6090850772342734	2.3596235248511178e-05	-0.12453037387493049	-6.328434998259524e-10	-6.328434285328833e-10
-1.4148738807166568	-0.9767751797248287	300.0	valley	0	0.6163819125460381	2.3878917995177484e-05	-0.1172335385631657	-5.166263389311254e-10	-5.166264310408762e-10
-1.4098738807166569	-0.9717751797248289	300.0	valley	0	0.6230198269353286	2.413607384309351e-05	-0.11059562417387508	-4.1563433250679793e-10	-4.156342682491845e-10
-1.4048738807166568	-0.9667751797248287	300.0	valley	0	0.6290088361882766	2.4368090808407724e-05	-0.10460661492092727	-3.304844314877542e-10	-3.304846408471937e-10
-1.3998738807166569	-0.9617751797248288	300.0	valley	0	0.6343714376986568	2.4575840450473377e-05	-0.09924401341054709	-2.60692842313226e-10	-2.6069290367906894e-10
-1.3948738807166567	-0.9567751797248287	300.0	valley	0	0.6391408041794715	2.4760607895406823e-05	-0.09447464692973269	-2.0502236020014664e-10	-2.0502237095746507e-10
-1.3898738807166569	-0.9517751797248288	300.0	valley	0	0.6433588365223049	2.4924016402965846e-05	-0.09025661458689914	-1.618159772842631e-10	-1.6181615887626854e-10
-1.3848738807166567	-0.9467751797248287	300.0	valley	0	0.6470740926749681	2.5067947130319722e-05	-0.08654135843423606	-1.2927223180803082e-10	-1.2927223798713617e-10
-1.3798738807166568	-0.9417751797248288	300.0	valley	0	0.6503397010287698	2.5194458295715047e-05	-0.08327575008043425	-1.0564475683150221e-10	-1.0564464803774343e-10
-1.3748738807166567	-0.9367751797248287	300.0	valley	0	0.6532114078186296	2.5305709533860576e-05	-0.08040404329057424	-8.937030282485381e-11	-8.937070322664534e-11
-1.3698738807166568	-0.9317751797248288	300.0	valley	0	0.6557458955538505	2.5403896751164106e-05	-0.07786955555535341	-7.9135697994559e-11	-7.913569245326945e-11
-1.3648738807166567	-0.9267751797248287	300.0	valley	0	0.6579994612680703	2.549120092052936e-05	-0.07561598984113391	-7.389067135932237e-11	-7.389074909958275e-11
-1.3598738807166568	-0.9217751797248288	300.0	valley	0	0.6600270823509022	2.5569751891245295e-05	-0.07358836875830152	-7.283948444403165e-11	-7.28398682486361e-11
-1.3548738807166567	-0.9167751797248287	300.0	valley	0	0.6618818416051055	2.56416061154372e-05	-0.07173360950409838	-7.540894297886069e-11	-7.54088228958468e-11
-1.3498738807166568	-0.9117751797248288	300.0	valley	0	0.6636146408870457	2.570873555436677e-05	-0.07000081022215818	-8.120457084537236e-11	-8.120507503559322e-11
-1.3448738807166567	-0.9067751797248287	300.0	valley	0	0.66527410573479	2.5773023983680803e-05	-0.06834134537441405	-8.997344536076923e-11	-8.997369591110333e-11
-1.3398738807166568	-0.9017751797248288	300.0	valley	0	0.6669065691706426	2.5836266365913977e-05	-0.06670888193856132	-1.0155182250670691e-10	-1.0155187223336427e-10
-1.334873880716657	-0.8967751797248289	300.0	valley	0	0.6685560179356621	2.5900166767589385e-05	-0.06505943317354197	-1.1582236558727033e-10	-1.1582218756667344e-10
-1.3298738807166568	-0.8917751797248288	300.0	valley	0	0.6702638867610201	2.5966330389196624e-05	-0.06335156434818374	-1.3266426845959245e-10	-1.3266452642458827e-10
-1.3248738807166567	-0.8867751797248287	300.0	valley	0	0.6720685965405989	2.6036245673786418e-05	-0.0615468545686049	-1.5190640412221512e-10	-1.5190642347914143e-10
-1.3198738807166568	-0.8817751797248288	300.0	valley	0	0.6740047539536842	2.611125329998662e-05	-0.059610697155519955	-1.7327296542024584e-10	-1.7327303720739985e-10
-1.314873880716657	-0.8767751797248289	300.0	valley	0	0.6761019687905416	2.619250036465263e-05	-0.057513482318662344	-1.9634024961412422e-10	-1.96340259235095e-10
-1.3098738807166568	-0.8717751797248288	300.0	valley	0	0.6783833065559344	2.6280880436017958e-05	-0.05523214455326952	-2.20496870761977e-10	-2.2049692471699635e-10
-1.3048738807166567	-0.8667751797248286	300.0	valley	0	0.6808634798794647	2.6376963488101327e-05	-0.05275197122973916	-2.4492519123953116e-10	-2.449250339472069e-10
-1.2998738807166568	-0.8617751797248288	300.0	valley	0	0.6835469865067414	2.648092376563051e-05	-0.050068464602462635	-2.686084965564106e-10	-2.686082753648473e-10
-1.2948738807166569	-0.8567751797248289	300.0	valley	0	0.6864265051267189	2.659247763765769e-05	-0.047188945982485145	-2.9037733328962645e-10	-2.9037759936337455e-10
-1.2898738807166568	-0.8517751797248287	300.0	valley	0	0.6894819304231281	2.6710846215009313e-05	-0.04413352068607588	-3.089974942582785e-10	-3.089976282012925e-10
-1.2848738807166569	-0.8467751797248289	300.0	valley	0	0.6926804258982686	2.6834757396704023e-05	-0.04093502521093544	-3.2328868748709993e-10	-3.232884138706955e-10
-1.2798738807166568	-0.8417751797248287	300.0	valley	0	0.6959777659855569	2.6962497864008358e-05	-0.03763768512364707	-3.322653263637676e-10	-3.322655895959981e-10
-1.2748738807166569	-0.8367751797248288	300.0	valley	0	0.6993210252776413	2.70920172623673e-05	-0.03429442583156265	-3.3527272624844784e-10	-3.3527278791300226e-10
-1.2698738807166567	-0.8317751797248287	300.0	valley	0	0.7026523930138522	2.722107597639765e-05	-0.030963058095351718	-3.3207663008294475e-10	-3.3207666722175945e-10
-1.2648738807166569	-0.8267751797248288	300.0	valley	0	0.7059136245939271	2.7347417583571397e-05	-0.027701826515276966	-3.229013029182326e-10	-3.2290135586258945e-10
-1.2598738807166567	-0.8217751797248287	300.0	valley	0	0.709050478641418	2.7468940748087163e-05	-0.024564972467786033	-3.083933663994287e-10	-3.0839338199829483e-10
-1.2548738807166568	-0.8167751797248288	300.0	valley	0	0.7120164878599881	2.7583845305572673e-05	-0.021598963249215865	-2.895258338631024e-10	-2.8952585914722114e-10
-1.2498738807166567	-0.8117751797248287	300.0	valley	0	0.7147755746330331	2.7690733592613706e-05	-0.018839876476170813	-2.674649807188345e-10	-2.67465257586608e-10
-1.2448738807166568	-0.8067751797248288	300.0	valley	0	0.7173032882343764	2.7788658376863863e-05	-0.016312162874827545	-2.4343023430350996e-10	-2.4343013170137343e-10
-1.2398738807166567	-0.8017751797248287	300.0	valley	0	0.7195867198847307	2.7877119566292957e-05	-0.014028731224473222	-2.1856803866793229e-10	-2.185678944085963e-10
-1.2348738807166568	-0.7967751797248288	300.0	valley	0	0.7216233654959019	2.7956020151375853e-05	-0.01199208561330199	-1.9386628413720075e-10	-1.938664483207948e-10
-1.2298738807166567	-0.7917751797248287	300.0	valley	0	0.723419313252886	2.802559599119163e-05	-0.010196137856317877	-1.701059015868367e-10	-1.7010590704358672e-10
-1.2248738807166568	-0.7867751797248288	300.0	valley	0	0.7249871368281505	2.808633419557859e-05	-0.008628314281053404	-1.478461103543438e-10	-1.47846384078874e-10
-1.2198738807166567	-0.7817751797248287	300.0	valley	0	0.7263438064455486	2.813889219879219e-05	-0.00727164466365526	-1.2744237609663145e-10	-1.274427131144049e-10
-1.2148738807166568	-0.7767751797248288	300.0	valley	0	0.727508829115759	2.8184025711372992e-05	-0.006106621993445093	-1.0907555414441106e-10	-1.0907525343424415e-10
-1.2098738807166567	-0.7717751797248287	300.0	valley	0	0.7285027290598058	2.82225298510569e-05	-0.005112722049398206	-9.278737500562073e-11	-9.278748210035963e-11
-1.2048738807166568	-0.7667751797248288	300.0	valley	0	0.7293458990102731	2.8255194641657328e-05	-0.004269552098930608	-7.852361816329534e-11	-7.852342143433386e-11
-1.1998738807166567	-0.7617751797248287	300.0	valley	0	0.7300577993370575	2.828277398682955e-05	-0.00355765177214636	-6.616063252806725e-11	-6.616094013384584e-11
-1.1948738807166568	-0.7567751797248288	300.0	valley	0	0.7306564528327916	2.830596609782631e-05	-0.00295899827641239	-5.553926762935646e-11	-5.5538840435274224e-11
-1.189873880716657	-0.7517751797248289	300.0	valley	0	0.7311581725534643	2.8325402949918577e-05	-0.002457278555739782	-4.647750240227566e-11	-4.647745388978048e-11
-1.1848738807166568	-0.7467751797248288	300.0	valley	0	0.7315774616777965	2.8341646402901876e-05	-0.002037989431407441	-3.87937321155718e-11	-3.8793450704412215e-11
-1.1798738807166567	-0.7417751797248286	300.0	valley	0	0.7319270323146634	2.8355188929704433e-05	-0.001688418794540438	-3.2309280251219263e-11	-3.23095971660194e-11
-1.1748738807166568	-0.7367751797248288	300.0	valley	0	0.7322179005773697	2.8366457299608207e-05	-0.001397550531834323	-2.686059707990296e-11	-2.6860822229093326e-11
