# mu_eV	mu_minus_reference_eV	temperature_K	region	band_id	sigma_e2_over_h	sigma_S	delta_sigma_e2_over_h	electrons_per_cell	delta_electrons_per_cell
-1.4748738806998412	-1.036775179730523	0.0	total	0	-2.2533253762161692e-10	-8.729485856076198e-15	-2.062806071789769e-10	17.888888888888886	-0.11111111111111113
-1.4698738806998413	-1.031775179730523	0.0	total	0	-2.2533253762161692e-10	-8.729485856076198e-15	-2.062806071789769e-10	17.888888888888886	-0.11111111111111113
-1.4648738806998411	-1.0267751797305227	0.0	total	0	-2.2533253762161692e-10	-8.729485856076198e-15	-2.062806071789769e-10	17.888888888888886	-0.11111111111111113
-1.4598738806998413	-1.0217751797305228	0.0	total	0	-4.0231658552861104e-11	-1.5585929045606063e-15	-2.117961361847165e-11	17.97222222222222	-0.027777777777777776
-1.4548738806998411	-1.016775179730523	0.0	total	0	-4.0231658552861104e-11	-1.5585929045606063e-15	-2.117961361847165e-11	17.97222222222222	-0.027777777777777776
-1.4498738806998412	-1.011775179730523	0.0	total	0	-4.0231658552861104e-11	-1.5585929045606063e-15	-2.117961361847165e-11	17.97222222222222	-0.027777777777777776
-1.4448738806998411	-1.0067751797305227	0.0	total	0	-4.0231658552861104e-11	-1.5585929045606063e-15	-2.117961361847165e-11	17.97222222222222	-0.027777777777777776
-1.4398738806998412	-1.0017751797305228	0.0	total	0	-4.0231658552861104e-11	-1.5585929045606063e-15	-2.117961361847165e-11	17.97222222222222	-0.027777777777777776
-1.4348738806998411	-0.9967751797305228	0.0	total	0	-4.0231658552861104e-11	-1.5585929045606063e-15	-2.117961361847165e-11	17.97222222222222	-0.027777777777777776
-1.4298738806998412	-0.9917751797305229	0.0	total	0	-4.0231658552861104e-11	-1.5585929045606063e-15	-2.117961361847165e-11	17.97222222222222	-0.027777777777777776
-1.4248738806998411	-0.9867751797305228	0.0	total	0	-4.0231658552861104e-11	-1.5585929045606063e-15	-2.117961361847165e-11	17.97222222222222	-0.027777777777777776
-1.4198738806998412	-0.9817751797305229	0.0	total	0	-1.5931551244178493e-10	-6.171956021945916e-15	-1.4026339117956255e-10	17.98611111111111	-0.013888888888888888
-1.414873880699841	-0.9767751797305227	0.0	total	0	-1.5931551244178493e-10	-6.171956021945916e-15	-1.4026339117956255e-10	17.98611111111111	-0.013888888888888888
-1.4098738806998412	-0.9717751797305229	0.0	total	0	-1.5931551244178493e-10	-6.171956021945916e-15	-1.4026339117956255e-10	17.98611111111111	-0.013888888888888888
-1.404873880699841	-0.9667751797305227	0.0	total	0	-1.5931551244178493e-10	-6.171956021945916e-15	-1.4026339117956255e-10	17.98611111111111	-0.013888888888888888
-1.3998738806998412	-0.9617751797305228	0.0	total	0	-1.5931551244178493e-10	-6.171956021945916e-15	-1.4026339117956255e-10	17.98611111111111	-0.013888888888888888
-1.394873880699841	-0.9567751797305227	0.0	total	0	-1.5931551244178493e-10	-6.171956021945916e-15	-1.4026339117956255e-10	17.98611111111111	-0.013888888888888888
-1.3898738806998412	-0.9517751797305228	0.0	total	0	-1.5931551244178493e-10	-6.171956021945916e-15	-1.4026339117956255e-10	17.98611111111111	-0.013888888888888888
-1.384873880699841	-0.9467751797305227	0.0	total	0	-1.5931551244178493e-10	-6.171956021945916e-15	-1.4026339117956255e-10	17.98611111111111	-0.013888888888888888
-1.3798738806998412	-0.9417751797305228	0.0	total	0	-1.5931551244178493e-10	-6.171956021945916e-15	-1.4026339117956255e-10	17.98611111111111	-0.013888888888888888
-1.374873880699841	-0.9367751797305227	0.0	total	0	-1.5931551244178493e-10	-6.171956021945916e-15	-1.4026339117956255e-10	17.98611111111111	-0.013888888888888888
-1.3698738806998412	-0.9317751797305228	0.0	total	0	-1.5931551244178493e-10	-6.171956021945916e-15	-1.4026339117956255e-10	17.98611111111111	-0.013888888888888888
-1.364873880699841	-0.9267751797305227	0.0	total	0	-1.5931551244178493e-10	-6.171956021945916e-15	-1.4026339117956255e-10	17.98611111111111	-0.013888888888888888
-1.3598738806998412	-0.9217751797305228	0.0	total	0	-1.5931551244178493e-10	-6.171956021945916e-15	-1.4026339117956255e-10	17.98611111111111	-0.013888888888888888
-1.354873880699841	-0.9167751797305227	0.0	total	0	-1.5931551244178493e-10	-6.171956021945916e-15	-1.4026339117956255e-10	17.98611111111111	-0.013888888888888888
-1.3498738806998412	-0.9117751797305228	0.0	total	0	-1.5931551244178493e-10	-6.171956021945916e-15	-1.4026339117956255e-10	17.98611111111111	-0.013888888888888888
-1.344873880699841	-0.9067751797305227	0.0	total	0	-1.5931551244178493e-10	-6.171956021945916e-15	-1.4026339117956255e-10	17.98611111111111	-0.013888888888888888
-1.3398738806998411	-0.9017751797305228	0.0	total	0	-1.5931551244178493e-10	-6.171956021945916e-15	-1.4026339117956255e-10	17.98611111111111	-0.013888888888888888
-1.334873880699841	-0.8967751797305227	0.0	total	0	-1.5931551244178493e-10	-6.171956021945916e-15	-1.4026339117956255e-10	17.98611111111111	-0.013888888888888888
-1.3298738806998411	-0.8917751797305228	0.0	total	0	-1.5931551244178493e-10	-6.171956021945916e-15	-1.4026339117956255e-10	17.98611111111111	-0.013888888888888888
-1.3248738806998412	-0.8867751797305229	0.0	total	0	-1.5931551244178493e-10	-6.171956021945916e-15	-1.4026339117956255e-10	17.98611111111111	-0.013888888888888888
-1.3198738806998411	-0.8817751797305228	0.0	total	0	-1.5931551244178493e-10	-6.171956021945916e-15	-1.4026339117956255e-10	17.98611111111111	-0.013888888888888888
-1.314873880699841	-0.8767751797305227	0.0	total	0	-1.5931561832642547e-10	-6.171960123965453e-15	-1.4026337730177474e-10	17.98611111111111	-0.013888888888888888
-1.3098738806998411	-0.8717751797305228	0.0	total	0	-1.5931561832642547e-10	-6.171960123965453e-15	-1.4026337730177474e-10	17.98611111111111	-0.013888888888888888
-1.3048738806998412	-0.8667751797305229	0.0	total	0	-1.5931561832642547e-10	-6.171960123965453e-15	-1.4026337730177474e-10	17.98611111111111	-0.013888888888888888
-1.2998738806998411	-0.8617751797305228	0.0	total	0	-1.5931561832642547e-10	-6.171960123965453e-15	-1.4026337730177474e-10	17.98611111111111	-0.013888888888888888
-1.294873880699841	-0.8567751797305226	0.0	total	0	-1.5931561832642547e-10	-6.171960123965453e-15	-1.4026337730177474e-10	17.98611111111111	-0.013888888888888888
-1.289873880699841	-0.8517751797305227	0.0	total	0	-1.5931561832642547e-10	-6.171960123965453e-15	-1.4026337730177474e-10	17.98611111111111	-0.013888888888888888
-1.2848738806998412	-0.8467751797305229	0.0	total	0	-1.5931561832642547e-10	-6.171960123965453e-15	-1.4026337730177474e-10	17.98611111111111	-0.013888888888888888
-1.279873880699841	-0.8417751797305227	0.0	total	0	-1.5931561832642547e-10	-6.171960123965453e-15	-1.4026337730177474e-10	17.98611111111111	-0.013888888888888888
-1.2748738806998412	-0.8367751797305228	0.0	total	0	-1.9052372863634912e-11	-7.380976630950414e-16	0.0	18.0	0.0
-1.269873880699841	-0.8317751797305227	0.0	total	0	-1.9052372863634912e-11	-7.380976630950414e-16	0.0	18.0	0.0
-1.2648738806998412	-0.8267751797305228	0.0	total	0	-1.9052372863634912e-11	-7.380976630950414e-16	0.0	18.0	0.0
-1.259873880699841	-0.8217751797305227	0.0	total	0	-1.9052372863634912e-11	-7.380976630950414e-16	0.0	18.0	0.0
-1.2548738806998412	-0.8167751797305228	0.0	total	0	-1.9052372863634912e-11	-7.380976630950414e-16	0.0	18.0	0.0
-1.249873880699841	-0.8117751797305227	0.0	total	0	-1.9052372863634912e-11	-7.380976630950414e-16	0.0	18.0	0.0
-1.2448738806998412	-0.8067751797305228	0.0	total	0	-1.9052372863634912e-11	-7.380976630950414e-16	0.0	18.0	0.0
-1.239873880699841	-0.8017751797305227	0.0	total	0	-1.9052372863634912e-11	-7.380976630950414e-16	0.0	18.0	0.0
-1.2348738806998412	-0.7967751797305228	0.0	total	0	-1.9052372863634912e-11	-7.380976630950414e-16	0.0	18.0	0.0
-1.229873880699841	-0.7917751797305227	0.0	total	0	-1.9052372863634912e-11	-7.380976630950414e-16	0.0	18.0	0.0
-1.2248738806998412	-0.7867751797305228	0.0	total	0	-1.9052372863634912e-11	-7.380976630950414e-16	0.0	18.0	0.0
-1.219873880699841	-0.7817751797305227	0.0	total	0	-1.9052372863634912e-11	-7.380976630950414e-16	0.0	18.0	0.0
-1.2148738806998411	-0.7767751797305228	0.0	total	0	-1.9052372863634912e-11	-7.380976630950414e-16	0.0	18.0	0.0
-1.209873880699841	-0.7717751797305227	0.0	total	0	-1.9052372863634912e-11	-7.380976630950414e-16	0.0	18.0	0.0
-1.2048738806998411	-0.7667751797305228	0.0	total	0	-1.9052372863634912e-11	-7.380976630950414e-16	0.0	18.0	0.0
-1.199873880699841	-0.7617751797305227	0.0	total	0	-1.9052372863634912e-11	-7.380976630950414e-16	0.0	18.0	0.0
-1.1948738806998411	-0.7567751797305228	0.0	total	0	-1.9052372863634912e-11	-7.380976630950414e-16	0.0	18.0	0.0
-1.189873880699841	-0.7517751797305227	0.0	total	0	-1.9052372863634912e-11	-7.380976630950414e-16	0.0	18.0	0.0
-1.1848738806998411	-0.7467751797305228	0.0	total	0	-1.9052372863634912e-11	-7.380976630950414e-16	0.0	18.0	0.0
-1.1798738806998412	-0.7417751797305229	0.0	total	0	-1.9052372863634912e-11	-7.380976630950414e-16	0.0	18.0	0.0
-1.1748738806998411	-0.7367751797305228	0.0	total	0	-1.9052372863634912e-11	-7.380976630950414e-16	0.0	18.0	0.0
-1.4748738806998412	-1.036775179730523	0.0	K	0	0.19558662655497572	7.577115618412687e-06	-0.22300021377712806	1.5694444444444446	-0.055555555555555566
-1.4698738806998413	-1.031775179730523	0.0	K	0	0.19558662655497572	7.577115618412687e-06	-0.22300021377712806	1.5694444444444446	-0.055555555555555566
-1.4648738806998411	-1.0267751797305227	0.0	K	0	0.19558662655497572	7.577115618412687e-06	-0.22300021377712806	1.5694444444444446	-0.055555555555555566
-1.4598738806998413	-1.0217751797305228	0.0	K	0	0.3348674585342609	1.2972918930348827e-05	-0.08371938179784283	1.6111111111111112	-0.013888888888888888
-1.4548738806998411	-1.016775179730523	0.0	K	0	0.3348674585342609	1.2972918930348827e-05	-0.08371938179784283	1.6111111111111112	-0.013888888888888888
-1.4498738806998412	-1.011775179730523	0.0	K	0	0.3348674585342609	1.2972918930348827e-05	-0.08371938179784283	1.6111111111111112	-0.013888888888888888
-1.4448738806998411	-1.0067751797305227	0.0	K	0	0.3348674585342609	1.2972918930348827e-05	-0.08371938179784283	1.6111111111111112	-0.013888888888888888
-1.4398738806998412	-1.0017751797305228	0.0	K	0	0.3348674585342609	1.2972918930348827e-05	-0.08371938179784283	1.6111111111111112	-0.013888888888888888
-1.4348738806998411	-0.9967751797305228	0.0	K	0	0.3348674585342609	1.2972918930348827e-05	-0.08371938179784283	1.6111111111111112	-0.013888888888888888
-1.4298738806998412	-0.9917751797305229	0.0	K	0	0.3348674585342609	1.2972918930348827e-05	-0.08371938179784283	1.6111111111111112	-0.013888888888888888
-1.4248738806998411	-0.9867751797305228	0.0	K	0	0.3348674585342609	1.2972918930348827e-05	-0.08371938179784283	1.6111111111111112	-0.013888888888888888
-1.4198738806998412	-0.9817751797305229	0.0	K	0	0.3724613217036036	1.4429322431928874e-05	-0.046125518628500124	1.6180555555555556	-0.006944444444444444
-1.414873880699841	-0.9767751797305227	0.0	K	0	0.3724613217036036	1.4429322431928874e-05	-0.046125518628500124	1.6180555555555556	-0.006944444444444444
-1.4098738806998412	-0.9717751797305229	0.0	K	0	0.3724613217036036	1.4429322431928874e-05	-0.046125518628500124	1.6180555555555556	-0.006944444444444444
-1.404873880699841	-0.9667751797305227	0.0	K	0	0.3724613217036036	1.4429322431928874e-05	-0.046125518628500124	1.6180555555555556	-0.006944444444444444
-1.3998738806998412	-0.9617751797305228	0.0	K	0	0.3724613217036036	1.4429322431928874e-05	-0.046125518628500124	1.6180555555555556	-0.006944444444444444
-1.394873880699841	-0.9567751797305227	0.0	K	0	0.3724613217036036	1.4429322431928874e-05	-0.046125518628500124	1.6180555555555556	-0.006944444444444444
-1.3898738806998412	-0.9517751797305228	0.0	K	0	0.3724613217036036	1.4429322431928874e-05	-0.046125518628500124	1.6180555555555556	-0.006944444444444444
-1.384873880699841	-0.9467751797305227	0.0	K	0	0.3724613217036036	1.4429322431928874e-05	-0.046125518628500124	1.6180555555555556	-0.006944444444444444
-1.3798738806998412	-0.9417751797305228	0.0	K	0	0.3724613217036036	1.4429322431928874e-05	-0.046125518628500124	1.6180555555555556	-0.006944444444444444
-1.374873880699841	-0.9367751797305227	0.0	K	0	0.3724613217036036	1.4429322431928874e-05	-0.046125518628500124	1.6180555555555556	-0.006944444444444444
-1.3698738806998412	-0.9317751797305228	0.0	K	0	0.3724613217036036	1.4429322431928874e-05	-0.046125518628500124	1.6180555555555556	-0.006944444444444444
-1.364873880699841	-0.9267751797305227	0.0	K	0	0.3724613217036036	1.4429322431928874e-05	-0.046125518628500124	1.6180555555555556	-0.006944444444444444
-1.3598738806998412	-0.9217751797305228	0.0	K	0	0.3724613217036036	1.4429322431928874e-05	-0.046125518628500124	1.6180555555555556	-0.006944444444444444
-1.354873880699841	-0.9167751797305227	0.0	K	0	0.3724613217036036	1.4429322431928874e-05	-0.046125518628500124	1.6180555555555556	-0.006944444444444444
-1.3498738806998412	-0.9117751797305228	0.0	K	0	0.3724613217036036	1.4429322431928874e-05	-0.046125518628500124	1.6180555555555556	-0.006944444444444444
-1.344873880699841	-0.9067751797305227	0.0	K	0	0.3724613217036036	1.4429322431928874e-05	-0.046125518628500124	1.6180555555555556	-0.006944444444444444
-1.3398738806998411	-0.9017751797305228	0.0	K	0	0.3724613217036036	1.4429322431928874e-05	-0.046125518628500124	1.6180555555555556	-0.006944444444444444
-1.334873880699841	-0.8967751797305227	0.0	K	0	0.3724613217036036	1.4429322431928874e-05	-0.046125518628500124	1.6180555555555556	-0.006944444444444444
-1.3298738806998411	-0.8917751797305228	0.0	K	0	0.3724613217036036	1.4429322431928874e-05	-0.046125518628500124	1.6180555555555556	-0.006944444444444444
-1.3248738806998412	-0.8867751797305229	0.0	K	0	0.3724613217036036	1.4429322431928874e-05	-0.046125518628500124	1.6180555555555556	-0.006944444444444444
-1.3198738806998411	-0.8817751797305228	0.0	K	0	0.3724613217036036	1.4429322431928874e-05	-0.046125518628500124	1.6180555555555556	-0.006944444444444444
-1.314873880699841	-0.8767751797305227	0.0	K	0	0.37246132170360363	1.4429322431928876e-05	-0.04612551862850012	1.6180555555555556	-0.006944444444444444
-1.3098738806998411	-0.8717751797305228	0.0	K	0	0.37246132170360363	1.4429322431928876e-05	-0.04612551862850012	1.6180555555555556	-0.006944444444444444
-1.3048738806998412	-0.8667751797305229	0.0	K	0	0.37246132170360363	1.4429322431928876e-05	-0.04612551862850012	1.6180555555555556	-0.006944444444444444
-1.2998738806998411	-0.8617751797305228	0.0	K	0	0.37246132170360363	1.4429322431928876e-05	-0.04612551862850012	1.6180555555555556	-0.006944444444444444
-1.294873880699841	-0.8567751797305226	0.0	K	0	0.37246132170360363	1.4429322431928876e-05	-0.04612551862850012	1.6180555555555556	-0.006944444444444444
-1.289873880699841	-0.8517751797305227	0.0	K	0	0.37246132170360363	1.4429322431928876e-05	-0.04612551862850012	1.6180555555555556	-0.006944444444444444
-1.2848738806998412	-0.8467751797305229	0.0	K	0	0.37246132170360363	1.4429322431928876e-05	-0.04612551862850012	1.6180555555555556	-0.006944444444444444
-1.279873880699841	-0.8417751797305227	0.0	K	0	0.37246132170360363	1.4429322431928876e-05	-0.04612551862850012	1.6180555555555556	-0.006944444444444444
-1.2748738806998412	-0.8367751797305228	0.0	K	0	0.4185868403321038	1.6216246179034645e-05	0.0	1.625	0.0
-1.269873880699841	-0.8317751797305227	0.0	K	0	0.4185868403321038	1.6216246179034645e-05	0.0	1.625	0.0
-1.2648738806998412	-0.8267751797305228	0.0	K	0	0.4185868403321038	1.6216246179034645e-05	0.0	1.625	0.0
-1.259873880699841	-0.8217751797305227	0.0	K	0	0.4185868403321038	1.6216246179034645e-05	0.0	1.625	0.0
-1.2548738806998412	-0.8167751797305228	0.0	K	0	0.4185868403321038	1.6216246179034645e-05	0.0	1.625	0.0
-1.249873880699841	-0.8117751797305227	0.0	K	0	0.4185868403321038	1.6216246179034645e-05	0.0	1.625	0.0
-1.2448738806998412	-0.8067751797305228	0.0	K	0	0.4185868403321038	1.6216246179034645e-05	0.0	1.625	0.0
-1.239873880699841	-0.8017751797305227	0.0	K	0	0.4185868403321038	1.6216246179034645e-05	0.0	1.625	0.0
-1.2348738806998412	-0.7967751797305228	0.0	K	0	0.4185868403321038	1.6216246179034645e-05	0.0	1.625	0.0
-1.229873880699841	-0.7917751797305227	0.0	K	0	0.4185868403321038	1.6216246179034645e-05	0.0	1.625	0.0
-1.2248738806998412	-0.7867751797305228	0.0	K	0	0.4185868403321038	1.6216246179034645e-05	0.0	1.625	0.0
-1.219873880699841	-0.7817751797305227	0.0	K	0	0.4185868403321038	1.6216246179034645e-05	0.0	1.625	0.0
-1.2148738806998411	-0.7767751797305228	0.0	K	0	0.4185868403321038	1.6216246179034645e-05	0.0	1.625	0.0
-1.209873880699841	-0.7717751797305227	0.0	K	0	0.4185868403321038	1.6216246179034645e-05	0.0	1.625	0.0
-1.2048738806998411	-0.7667751797305228	0.0	K	0	0.4185868403321038	1.6216246179034645e-05	0.0	1.625	0.0
-1.199873880699841	-0.7617751797305227	0.0	K	0	0.4185868403321038	1.6216246179034645e-05	0.0	1.625	0.0
-1.1948738806998411	-0.7567751797305228	0.0	K	0	0.4185868403321038	1.6216246179034645e-05	0.0	1.625	0.0
-1.189873880699841	-0.7517751797305227	0.0	K	0	0.4185868403321038	1.6216246179034645e-05	0.0	1.625	0.0
-1.1848738806998411	-0.7467751797305228	0.0	K	0	0.4185868403321038	1.6216246179034645e-05	0.0	1.625	0.0
-1.1798738806998412	-0.7417751797305229	0.0	K	0	0.4185868403321038	1.6216246179034645e-05	0.0	1.625	0.0
-1.1748738806998411	-0.7367751797305228	0.0	K	0	0.4185868403321038	1.6216246179034645e-05	0.0	1.625	0.0
-1.4748738806998412	-1.036775179730523	0.0	Kprime	0	-0.19558662676504188	-7.5771156265507455e-06	0.22300021357084748	1.5694444444444446	-0.055555555555555566
-1.4698738806998413	-1.031775179730523	0.0	Kprime	0	-0.19558662676504188	-7.5771156265507455e-06	0.22300021357084748	1.5694444444444446	-0.055555555555555566
-1.4648738806998411	-1.0267751797305227	0.0	Kprime	0	-0.19558662676504188	-7.5771156265507455e-06	0.22300021357084748	1.5694444444444446	-0.055555555555555566
-1.4598738806998413	-1.0217751797305228	0.0	Kprime	0	-0.33486745855922617	-1.2972918931315992e-05	0.08371938177666322	1.6111111111111112	-0.013888888888888888
-1.4548738806998411	-1.016775179730523	0.0	Kprime	0	-0.33486745855922617	-1.2972918931315992e-05	0.08371938177666322	1.6111111111111112	-0.013888888888888888
-1.4498738806998412	-1.011775179730523	0.0	Kprime	0	-0.33486745855922617	-1.2972918931315992e-05	0.08371938177666322	1.6111111111111112	-0.013888888888888888
-1.4448738806998411	-1.0067751797305227	0.0	Kprime	0	-0.33486745855922617	-1.2972918931315992e-05	0.08371938177666322	1.6111111111111112	-0.013888888888888888
-1.4398738806998412	-1.0017751797305228	0.0	Kprime	0	-0.33486745855922617	-1.2972918931315992e-05	0.08371938177666322	1.6111111111111112	-0.013888888888888888
-1.4348738806998411	-0.9967751797305228	0.0	Kprime	0	-0.33486745855922617	-1.2972918931315992e-05	0.08371938177666322	1.6111111111111112	-0.013888888888888888
-1.4298738806998412	-0.9917751797305229	0.0	Kprime	0	-0.33486745855922617	-1.2972918931315992e-05	0.08371938177666322	1.6111111111111112	-0.013888888888888888
-1.4248738806998411	-0.9867751797305228	0.0	Kprime	0	-0.33486745855922617	-1.2972918931315992e-05	0.08371938177666322	1.6111111111111112	-0.013888888888888888
-1.4198738806998412	-0.9817751797305229	0.0	Kprime	0	-0.3724613218476526	-1.44293224375094e-05	0.04612551848823673	1.6180555555555556	-0.006944444444444444
-1.414873880699841	-0.9767751797305227	0.0	Kprime	0	-0.3724613218476526	-1.44293224375094e-05	0.04612551848823673	1.6180555555555556	-0.006944444444444444
-1.4098738806998412	-0.9717751797305229	0.0	Kprime	0	-0.3724613218476526	-1.44293224375094e-05	0.04612551848823673	1.6180555555555556	-0.006944444444444444
-1.404873880699841	-0.9667751797305227	0.0	Kprime	0	-0.3724613218476526	-1.44293224375094e-05	0.04612551848823673	1.6180555555555556	-0.006944444444444444
-1.3998738806998412	-0.9617751797305228	0.0	Kprime	0	-0.3724613218476526	-1.44293224375094e-05	0.04612551848823673	1.6180555555555556	-0.006944444444444444
-1.394873880699841	-0.9567751797305227	0.0	Kprime	0	-0.3724613218476526	-1.44293224375094e-05	0.04612551848823673	1.6180555555555556	-0.006944444444444444
-1.3898738806998412	-0.9517751797305228	0.0	Kprime	0	-0.3724613218476526	-1.44293224375094e-05	0.04612551848823673	1.6180555555555556	-0.006944444444444444
-1.384873880699841	-0.9467751797305227	0.0	Kprime	0	-0.3724613218476526	-1.44293224375094e-05	0.04612551848823673	1.6180555555555556	-0.006944444444444444
-1.3798738806998412	-0.9417751797305228	0.0	Kprime	0	-0.3724613218476526	-1.44293224375094e-05	0.04612551848823673	1.6180555555555556	-0.006944444444444444
-1.374873880699841	-0.9367751797305227	0.0	Kprime	0	-0.3724613218476526	-1.44293224375094e-05	0.04612551848823673	1.6180555555555556	-0.006944444444444444
-1.3698738806998412	-0.9317751797305228	0.0	Kprime	0	-0.3724613218476526	-1.44293224375094e-05	0.04612551848823673	1.6180555555555556	-0.006944444444444444
-1.364873880699841	-0.9267751797305227	0.0	Kprime	0	-0.3724613218476526	-1.44293224375094e-05	0.04612551848823673	1.6180555555555556	-0.006944444444444444
-1.3598738806998412	-0.9217751797305228	0.0	Kprime	0	-0.3724613218476526	-1.44293224375094e-05	0.04612551848823673	1.6180555555555556	-0.006944444444444444
-1.354873880699841	-0.9167751797305227	0.0	Kprime	0	-0.3724613218476526	-1.44293224375094e-05	0.04612551848823673	1.6180555555555556	-0.006944444444444444
-1.3498738806998412	-0.9117751797305228	0.0	Kprime	0	-0.3724613218476526	-1.44293224375094e-05	0.04612551848823673	1.6180555555555556	-0.006944444444444444
-1.344873880699841	-0.9067751797305227	0.0	Kprime	0	-0.3724613218476526	-1.44293224375094e-05	0.04612551848823673	1.6180555555555556	-0.006944444444444444
-1.3398738806998411	-0.9017751797305228	0.0	Kprime	0	-0.3724613218476526	-1.44293224375094e-05	0.04612551848823673	1.6180555555555556	-0.006944444444444444
-1.334873880699841	-0.8967751797305227	0.0	Kprime	0	-0.3724613218476526	-1.44293224375094e-05	0.04612551848823673	1.6180555555555556	-0.006944444444444444
-1.3298738806998411	-0.8917751797305228	0.0	Kprime	0	-0.3724613218476526	-1.44293224375094e-05	0.04612551848823673	1.6180555555555556	-0.006944444444444444
-1.3248738806998412	-0.8867751797305229	0.0	Kprime	0	-0.3724613218476526	-1.44293224375094e-05	0.04612551848823673	1.6180555555555556	-0.006944444444444444
-1.3198738806998411	-0.8817751797305228	0.0	Kprime	0	-0.3724613218476526	-1.44293224375094e-05	0.04612551848823673	1.6180555555555556	-0.006944444444444444
-1.314873880699841	-0.8767751797305227	0.0	Kprime	0	-0.3724613218476526	-1.44293224375094e-05	0.04612551848823674	1.6180555555555556	-0.006944444444444444
-1.3098738806998411	-0.8717751797305228	0.0	Kprime	0	-0.3724613218476526	-1.44293224375094e-05	0.04612551848823674	1.6180555555555556	-0.006944444444444444
-1.3048738806998412	-0.8667751797305229	0.0	Kprime	0	-0.3724613218476526	-1.44293224375094e-05	0.04612551848823674	1.6180555555555556	-0.006944444444444444
-1.2998738806998411	-0.8617751797305228	0.0	Kprime	0	-0.3724613218476526	-1.44293224375094e-05	0.04612551848823674	1.6180555555555556	-0.006944444444444444
-1.294873880699841	-0.8567751797305226	0.0	Kprime	0	-0.3724613218476526	-1.44293224375094e-05	0.04612551848823674	1.6180555555555556	-0.006944444444444444
-1.289873880699841	-0.8517751797305227	0.0	Kprime	0	-0.3724613218476526	-1.44293224375094e-05	0.04612551848823674	1.6180555555555556	-0.006944444444444444
-1.2848738806998412	-0.8467751797305229	0.0	Kprime	0	-0.3724613218476526	-1.44293224375094e-05	0.04612551848823674	1.6180555555555556	-0.006944444444444444
-1.279873880699841	-0.8417751797305227	0.0	Kprime	0	-0.3724613218476526	-1.44293224375094e-05	0.04612551848823674	1.6180555555555556	-0.006944444444444444
-1.2748738806998412	-0.8367751797305228	0.0	Kprime	0	-0.4185868403358894	-1.62162461791813e-05	0.0	1.625	0.0
-1.269873880699841	-0.8317751797305227	0.0	Kprime	0	-0.4185868403358894	-1.62162461791813e-05	0.0	1.625	0.0
-1.2648738806998412	-0.8267751797305228	0.0	Kprime	0	-0.4185868403358894	-1.62162461791813e-05	0.0	1.625	0.0
-1.259873880699841	-0.8217751797305227	0.0	Kprime	0	-0.4185868403358894	-1.62162461791813e-05	0.0	1.625	0.0
-1.2548738806998412	-0.8167751797305228	0.0	Kprime	0	-0.4185868403358894	-1.62162461791813e-05	0.0	1.625	0.0
-1.249873880699841	-0.8117751797305227	0.0	Kprime	0	-0.4185868403358894	-1.62162461791813e-05	0.0	1.625	0.0
-1.2448738806998412	-0.8067751797305228	0.0	Kprime	0	-0.4185868403358894	-1.62162461791813e-05	0.0	1.625	0.0
-1.239873880699841	-0.8017751797305227	0.0	Kprime	0	-0.4185868403358894	-1.62162461791813e-05	0.0	1.625	0.0
-1.2348738806998412	-0.7967751797305228	0.0	Kprime	0	-0.4185868403358894	-1.62162461791813e-05	0.0	1.625	0.0
-1.229873880699841	-0.7917751797305227	0.0	Kprime	0	-0.4185868403358894	-1.62162461791813e-05	0.0	1.625	0.0
-1.2248738806998412	-0.7867751797305228	0.0	Kprime	0	-0.4185868403358894	-1.62162461791813e-05	0.0	1.625	0.0
-1.219873880699841	-0.7817751797305227	0.0	Kprime	0	-0.4185868403358894	-1.62162461791813e-05	0.0	1.625	0.0
-1.2148738806998411	-0.7767751797305228	0.0	Kprime	0	-0.4185868403358894	-1.62162461791813e-05	0.0	1.625	0.0
-1.209873880699841	-0.7717751797305227	0.0	Kprime	0	-0.4185868403358894	-1.62162461791813e-05	0.0	1.625	0.0
-1.2048738806998411	-0.7667751797305228	0.0	Kprime	0	-0.4185868403358894	-1.62162461791813e-05	0.0	1.625	0.0
-1.199873880699841	-0.7617751797305227	0.0	Kprime	0	-0.4185868403358894	-1.62162461791813e-05	0.0	1.625	0.0
-1.1948738806998411	-0.7567751797305228	0.0	Kprime	0	-0.4185868403358894	-1.62162461791813e-05	0.0	1.625	0.0
-1.189873880699841	-0.7517751797305227	0.0	Kprime	0	-0.4185868403358894	-1.62162461791813e-05	0.0	1.625	0.0
-1.1848738806998411	-0.7467751797305228	0.0	Kprime	0	-0.4185868403358894	-1.62162461791813e-05	0.0	1.625	0.0
-1.1798738806998412	-0.7417751797305229	0.0	Kprime	0	-0.4185868403358894	-1.62162461791813e-05	0.0	1.625	0.0
-1.1748738806998411	-0.7367751797305228	0.0	Kprime	0	-0.4185868403358894	-1.62162461791813e-05	0.0	1.625	0.0
-1.4748738806998412	-1.036775179730523	0.0	rest	0	-1.526637870944698e-11	-5.914265131181632e-16	0.0	14.75	0.0
-1.4698738806998413	-1.031775179730523	0.0	rest	0	-1.526637870944698e-11	-5.914265131181632e-16	0.0	14.75	0.0
-1.4648738806998411	-1.0267751797305227	0.0	rest	0	-1.526637870944698e-11	-5.914265131181632e-16	0.0	14.75	0.0
-1.4598738806998413	-1.0217751797305228	0.0	rest	0	-1.526637870944698e-11	-5.914265131181632e-16	0.0	14.75	0.0
-1.4548738806998411	-1.016775179730523	0.0	rest	0	-1.526637870944698e-11	-5.914265131181632e-16	0.0	14.75	0.0
-1.4498738806998412	-1.011775179730523	0.0	rest	0	-1.526637870944698e-11	-5.914265131181632e-16	0.0	14.75	0.0
-1.4448738806998411	-1.0067751797305227	0.0	rest	0	-1.526637870944698e-11	-5.914265131181632e-16	0.0	14.75	0.0
-1.4398738806998412	-1.0017751797305228	0.0	rest	0	-1.526637870944698e-11	-5.914265131181632e-16	0.0	14.75	0.0
-1.4348738806998411	-0.9967751797305228	0.0	rest	0	-1.526637870944698e-11	-5.914265131181632e-16	0.0	14.75	0.0
-1.4298738806998412	-0.9917751797305229	0.0	rest	0	-1.526637870944698e-11	-5.914265131181632e-16	0.0	14.75	0.0
-1.4248738806998411	-0.9867751797305228	0.0	rest	0	-1.526637870944698e-11	-5.914265131181632e-16	0.0	14.75	0.0
-1.4198738806998412	-0.9817751797305229	0.0	rest	0	-1.526637870944698e-11	-5.914265131181632e-16	0.0	14.75	0.0
-1.414873880699841	-0.9767751797305227	0.0	rest	0	-1.526637870944698e-11	-5.914265131181632e-16	0.0	14.75	0.0
-1.4098738806998412	-0.9717751797305229	0.0	rest	0	-1.526637870944698e-11	-5.914265131181632e-16	0.0	14.75	0.0
-1.404873880699841	-0.9667751797305227	0.0	rest	0	-1.526637870944698e-11	-5.914265131181632e-16	0.0	14.75	0.0
-1.3998738806998412	-0.9617751797305228	0.0	rest	0	-1.526637870944698e-11	-5.914265131181632e-16	0.0	14.75	0.0
-1.394873880699841	-0.9567751797305227	0.0	rest	0	-1.526637870944698e-11	-5.914265131181632e-16	0.0	14.75	0.0
-1.3898738806998412	-0.9517751797305228	0.0	rest	0	-1.526637870944698e-11	-5.914265131181632e-16	0.0	14.75	0.0
-1.384873880699841	-0.9467751797305227	0.0	rest	0	-1.526637870944698e-11	-5.914265131181632e-16	0.0	14.75	0.0
-1.3798738806998412	-0.9417751797305228	0.0	rest	0	-1.526637870944698e-11	-5.914265131181632e-16	0.0	14.75	0.0
-1.374873880699841	-0.9367751797305227	0.0	rest	0	-1.526637870944698e-11	-5.914265131181632e-16	0.0	14.75	0.0
-1.3698738806998412	-0.9317751797305228	0.0	rest	0	-1.526637870944698e-11	-5.914265131181632e-16	0.0	14.75	0.0
-1.364873880699841	-0.9267751797305227	0.0	rest	0	-1.526637870944698e-11	-5.914265131181632e-16	0.0	14.75	0.0
-1.3598738806998412	-0.9217751797305228	0.0	rest	0	-1.526637870944698e-11	-5.914265131181632e-16	0.0	14.75	0.0
-1.354873880699841	-0.9167751797305227	0.0	rest	0	-1.526637870944698e-11	-5.914265131181632e-16	0.0	14.75	0.0
-1.3498738806998412	-0.9117751797305228	0.0	rest	0	-1.526637870944698e-11	-5.914265131181632e-16	0.0	14.75	0.0
-1.344873880699841	-0.9067751797305227	0.0	rest	0	-1.526637870944698e-11	-5.914265131181632e-16	0.0	14.75	0.0
-1.3398738806998411	-0.9017751797305228	0.0	rest	0	-1.526637870944698e-11	-5.914265131181632e-16	0.0	14.75	0.0
-1.334873880699841	-0.8967751797305227	0.0	rest	0	-1.526637870944698e-11	-5.914265131181632e-16	0.0	14.75	0.0
-1.3298738806998411	-0.8917751797305228	0.0	rest	0	-1.526637870944698e-11	-5.914265131181632e-16	0.0	14.75	0.0
-1.3248738806998412	-0.8867751797305229	0.0	rest	0	-1.526637870944698e-11	-5.914265131181632e-16	0.0	14.75	0.0
-1.3198738806998411	-0.8817751797305228	0.0	rest	0	-1.526637870944698e-11	-5.914265131181632e-16	0.0	14.75	0.0
-1.314873880699841	-0.8767751797305227	0.0	rest	0	-1.526642908293628e-11	-5.914284646102425e-16	0.0	14.75	0.0
-1.3098738806998411	-0.8717751797305228	0.0	rest	0	-1.526642908293628e-11	-5.914284646102425e-16	0.0	14.75	0.0
-1.3048738806998412	-0.8667751797305229	0.0	rest	0	-1.526642908293628e-11	-5.914284646102425e-16	0.0	14.75	0.0
-1.2998738806998411	-0.8617751797305228	0.0	rest	0	-1.526642908293628e-11	-5.914284646102425e-16	0.0	14.75	0.0
-1.294873880699841	-0.8567751797305226	0.0	rest	0	-1.526642908293628e-11	-5.914284646102425e-16	0.0	14.75	0.0
-1.289873880699841	-0.8517751797305227	0.0	rest	0	-1.526642908293628e-11	-5.914284646102425e-16	0.0	14.75	0.0
-1.2848738806998412	-0.8467751797305229	0.0	rest	0	-1.526642908293628e-11	-5.914284646102425e-16	0.0	14.75	0.0
-1.279873880699841	-0.8417751797305227	0.0	rest	0	-1.526642908293628e-11	-5.914284646102425e-16	0.0	14.75	0.0
-1.2748738806998412	-0.8367751797305228	0.0	rest	0	-1.526642908293628e-11	-5.914284646102425e-16	0.0	14.75	0.0
-1.269873880699841	-0.8317751797305227	0.0	rest	0	-1.526642908293628e-11	-5.914284646102425e-16	0.0	14.75	0.0
-1.2648738806998412	-0.8267751797305228	0.0	rest	0	-1.526642908293628e-11	-5.914284646102425e-16	0.0	14.75	0.0
-1.259873880699841	-0.8217751797305227	0.0	rest	0	-1.526642908293628e-11	-5.914284646102425e-16	0.0	14.75	0.0
-1.2548738806998412	-0.8167751797305228	0.0	rest	0	-1.526642908293628e-11	-5.914284646102425e-16	0.0	14.75	0.0
-1.249873880699841	-0.8117751797305227	0.0	rest	0	-1.526642908293628e-11	-5.914284646102425e-16	0.0	14.75	0.0
-1.2448738806998412	-0.8067751797305228	0.0	rest	0	-1.526642908293628e-11	-5.914284646102425e-16	0.0	14.75	0.0
-1.239873880699841	-0.8017751797305227	0.0	rest	0	-1.526642908293628e-11	-5.914284646102425e-16	0.0	14.75	0.0
-1.2348738806998412	-0.7967751797305228	0.0	rest	0	-1.526642908293628e-11	-5.914284646102425e-16	0.0	14.75	0.0
-1.229873880699841	-0.7917751797305227	0.0	rest	0	-1.526642908293628e-11	-5.914284646102425e-16	0.0	14.75	0.0
-1.2248738806998412	-0.7867751797305228	0.0	rest	0	-1.526642908293628e-11	-5.914284646102425e-16	0.0	14.75	0.0
-1.219873880699841	-0.7817751797305227	0.0	rest	0	-1.526642908293628e-11	-5.914284646102425e-16	0.0	14.75	0.0
-1.2148738806998411	-0.7767751797305228	0.0	rest	0	-1.526642908293628e-11	-5.914284646102425e-16	0.0	14.75	0.0
-1.209873880699841	-0.7717751797305227	0.0	rest	0	-1.526642908293628e-11	-5.914284646102425e-16	0.0	14.75	0.0
-1.2048738806998411	-0.7667751797305228	0.0	rest	0	-1.526642908293628e-11	-5.914284646102425e-16	0.0	14.75	0.0
-1.199873880699841	-0.7617751797305227	0.0	rest	0	-1.526642908293628e-11	-5.914284646102425e-16	0.0	14.75	0.0
-1.1948738806998411	-0.7567751797305228	0.0	rest	0	-1.526642908293628e-11	-5.914284646102425e-16	0.0	14.75	0.0
-1.189873880699841	-0.7517751797305227	0.0	rest	0	-1.526642908293628e-11	-5.914284646102425e-16	0.0	14.75	0.0
-1.1848738806998411	-0.7467751797305228	0.0	rest	0	-1.526642908293628e-11	-5.914284646102425e-16	0.0	14.75	0.0
-1.1798738806998412	-0.7417751797305229	0.0	rest	0	-1.526642908293628e-11	-5.914284646102425e-16	0.0	14.75	0.0
-1.1748738806998411	-0.7367751797305228	0.0	rest	0	-1.526642908293628e-11	-5.914284646102425e-16	0.0	14.75	0.0
-1.4748738806998412	-1.036775179730523	0.0	valley	0	0.3911732533200176	1.5154231244963434e-05	-0.4460004273479755	0.0	3.469446951953614e-18
-1.4698738806998413	-1.031775179730523	0.0	valley	0	0.3911732533200176	1.5154231244963434e-05	-0.4460004273479755	0.0	3.469446951953614e-18
-1.4648738806998411	-1.0267751797305227	0.0	valley	0	0.3911732533200176	1.5154231244963434e-05	-0.4460004273479755	0.0	3.469446951953614e-18
-1.4598738806998413	-1.0217751797305228	0.0	valley	0	0.669734917093487	2.5945837861664814e-05	-0.16743876357450604	0.0	0.0
-1.4548738806998411	-1.016775179730523	0.0	valley	0	0.669734917093487	2.5945837861664814e-05	-0.16743876357450604	0.0	0.0
-1.4498738806998412	-1.011775179730523	0.0	valley	0	0.669734917093487	2.5945837861664814e-05	-0.16743876357450604	0.0	0.0
-1.4448738806998411	-1.0067751797305227	0.0	valley	0	0.669734917093487	2.5945837861664814e-05	-0.16743876357450604	0.0	0.0
-1.4398738806998412	-1.0017751797305228	0.0	valley	0	0.669734917093487	2.5945837861664814e-05	-0.16743876357450604	0.0	0.0
-1.4348738806998411	-0.9967751797305228	0.0	valley	0	0.669734917093487	2.5945837861664814e-05	-0.16743876357450604	0.0	0.0
-1.4298738806998412	-0.9917751797305229	0.0	valley	0	0.669734917093487	2.5945837861664814e-05	-0.16743876357450604	0.0	0.0
-1.4248738806998411	-0.9867751797305228	0.0	valley	0	0.669734917093487	2.5945837861664814e-05	-0.16743876357450604	0.0	0.0
-1.4198738806998412	-0.9817751797305229	0.0	valley	0	0.7449226435512561	2.8858644869438272e-05	-0.09225103711673685	0.0	0.0
-1.414873880699841	-0.9767751797305227	0.0	valley	0	0.7449226435512561	2.8858644869438272e-05	-0.09225103711673685	0.0	0.0
-1.4098738806998412	-0.9717751797305229	0.0	valley	0	0.7449226435512561	2.8858644869438272e-05	-0.09225103711673685	0.0	0.0
-1.404873880699841	-0.9667751797305227	0.0	valley	0	0.7449226435512561	2.8858644869438272e-05	-0.09225103711673685	0.0	0.0
-1.3998738806998412	-0.9617751797305228	0.0	valley	0	0.7449226435512561	2.8858644869438272e-05	-0.09225103711673685	0.0	0.0
-1.394873880699841	-0.9567751797305227	0.0	valley	0	0.7449226435512561	2.8858644869438272e-05	-0.09225103711673685	0.0	0.0
-1.3898738806998412	-0.9517751797305228	0.0	valley	0	0.7449226435512561	2.8858644869438272e-05	-0.09225103711673685	0.0	0.0
-1.384873880699841	-0.9467751797305227	0.0	valley	0	0.7449226435512561	2.8858644869438272e-05	-0.09225103711673685	0.0	0.0
-1.3798738806998412	-0.9417751797305228	0.0	valley	0	0.7449226435512561	2.8858644869438272e-05	-0.09225103711673685	0.0	0.0
-1.374873880699841	-0.9367751797305227	0.0	valley	0	0.7449226435512561	2.8858644869438272e-05	-0.09225103711673685	0.0	0.0
-1.3698738806998412	-0.9317751797305228	0.0	valley	0	0.7449226435512561	2.8858644869438272e-05	-0.09225103711673685	0.0	0.0
-1.364873880699841	-0.9267751797305227	0.0	valley	0	0.7449226435512561	2.8858644869438272e-05	-0.09225103711673685	0.0	0.0
-1.3598738806998412	-0.9217751797305228	0.0	valley	0	0.7449226435512561	2.8858644869438272e-05	-0.09225103711673685	0.0	0.0
-1.354873880699841	-0.9167751797305227	0.0	valley	0	0.7449226435512561	2.8858644869438272e-05	-0.09225103711673685	0.0	0.0
-1.3498738806998412	-0.9117751797305228	0.0	valley	0	0.7449226435512561	2.8858644869438272e-05	-0.09225103711673685	0.0	0.0
-1.344873880699841	-0.9067751797305227	0.0	valley	0	0.7449226435512561	2.8858644869438272e-05	-0.09225103711673685	0.0	0.0
-1.3398738806998411	-0.9017751797305228	0.0	valley	0	0.7449226435512561	2.8858644869438272e-05	-0.09225103711673685	0.0	0.0
-1.334873880699841	-0.8967751797305227	0.0	valley	0	0.7449226435512561	2.8858644869438272e-05	-0.09225103711673685	0.0	0.0
-1.3298738806998411	-0.8917751797305228	0.0	valley	0	0.7449226435512561	2.8858644869438272e-05	-0.09225103711673685	0.0	0.0
-1.3248738806998412	-0.8867751797305229	0.0	valley	0	0.7449226435512561	2.8858644869438272e-05	-0.09225103711673685	0.0	0.0
-1.3198738806998411	-0.8817751797305228	0.0	valley	0	0.7449226435512561	2.8858644869438272e-05	-0.09225103711673685	0.0	0.0
-1.314873880699841	-0.8767751797305227	0.0	valley	0	0.7449226435512561	2.8858644869438272e-05	-0.09225103711673685	0.0	0.0
-1.3098738806998411	-0.8717751797305228	0.0	valley	0	0.7449226435512561	2.8858644869438272e-05	-0.09225103711673685	0.0	0.0
-1.3048738806998412	-0.8667751797305229	0.0	valley	0	0.7449226435512561	2.8858644869438272e-05	-0.09225103711673685	0.0	0.0
-1.2998738806998411	-0.8617751797305228	0.0	valley	0	0.7449226435512561	2.8858644869438272e-05	-0.09225103711673685	0.0	0.0
-1.294873880699841	-0.8567751797305226	0.0	valley	0	0.7449226435512561	2.8858644869438272e-05	-0.09225103711673685	0.0	0.0
-1.289873880699841	-0.8517751797305227	0.0	valley	0	0.7449226435512561	2.8858644869438272e-05	-0.09225103711673685	0.0	0.0
-1.2848738806998412	-0.8467751797305229	0.0	valley	0	0.7449226435512561	2.8858644869438272e-05	-0.09225103711673685	0.0	0.0
-1.279873880699841	-0.8417751797305227	0.0	valley	0	0.7449226435512561	2.8858644869438272e-05	-0.09225103711673685	0.0	0.0
-1.2748738806998412	-0.8367751797305228	0.0	valley	0	0.8371736806679929	3.2432492358215935e-05	0.0	0.0	0.0
-1.269873880699841	-0.8317751797305227	0.0	valley	0	0.8371736806679929	3.2432492358215935e-05	0.0	0.0	0.0
-1.2648738806998412	-0.8267751797305228	0.0	valley	0	0.8371736806679929	3.2432492358215935e-05	0.0	0.0	0.0
-1.259873880699841	-0.8217751797305227	0.0	valley	0	0.8371736806679929	3.2432492358215935e-05	0.0	0.0	0.0
-1.2548738806998412	-0.8167751797305228	0.0	valley	0	0.8371736806679929	3.2432492358215935e-05	0.0	0.0	0.0
-1.249873880699841	-0.8117751797305227	0.0	valley	0	0.8371736806679929	3.2432492358215935e-05	0.0	0.0	0.0
-1.2448738806998412	-0.8067751797305228	0.0	valley	0	0.8371736806679929	3.2432492358215935e-05	0.0	0.0	0.0
-1.239873880699841	-0.8017751797305227	0.0	valley	0	0.8371736806679929	3.2432492358215935e-05	0.0	0.0	0.0
-1.2348738806998412	-0.7967751797305228	0.0	valley	0	0.8371736806679929	3.2432492358215935e-05	0.0	0.0	0.0
-1.229873880699841	-0.7917751797305227	0.0	valley	0	0.8371736806679929	3.2432492358215935e-05	0.0	0.0	0.0
-1.2248738806998412	-0.7867751797305228	0.0	valley	0	0.8371736806679929	3.2432492358215935e-05	0.0	0.0	0.0
-1.219873880699841	-0.7817751797305227	0.0	valley	0	0.8371736806679929	3.2432492358215935e-05	0.0	0.0	0.0
-1.2148738806998411	-0.7767751797305228	0.0	valley	0	0.8371736806679929	3.2432492358215935e-05	0.0	0.0	0.0
-1.209873880699841	-0.7717751797305227	0.0	valley	0	0.8371736806679929	3.2432492358215935e-05	0.0	0.0	0.0
-1.2048738806998411	-0.7667751797305228	0.0	valley	0	0.8371736806679929	3.2432492358215935e-05	0.0	0.0	0.0
-1.199873880699841	-0.7617751797305227	0.0	valley	0	0.8371736806679929	3.2432492358215935e-05	0.0	0.0	0.0
-1.1948738806998411	-0.7567751797305228	0.0	valley	0	0.8371736806679929	3.2432492358215935e-05	0.0	0.0	0.0
-1.189873880699841	-0.7517751797305227	0.0	valley	0	0.8371736806679929	3.2432492358215935e-05	0.0	0.0	0.0
-1.1848738806998411	-0.7467751797305228	0.0	valley	0	0.8371736806679929	3.2432492358215935e-05	0.0	0.0	0.0
-1.1798738806998412	-0.7417751797305229	0.0	valley	0	0.8371736806679929	3.2432492358215935e-05	0.0	0.0	0.0
-1.1748738806998411	-0.7367751797305228	0.0	valley	0	0.8371736806679929	3.2432492358215935e-05	0.0	0.0	0.0
-1.4748738806998412	-1.036775179730523	300.0	total	0	-5.007865029662594e-09	-1.940069881030106e-13	-4.988813291350414e-09	17.91792876158993	-0.0820712384100764
-1.4698738806998413	-1.031775179730523	300.0	total	0	-5.118008351966078e-09	-1.9827399092620724e-13	-5.098956679874681e-09	17.922886624182038	-0.07711337581796171
-1.4648738806998411	-1.0267751797305227	300.0	total	0	-5.111421451279409e-09	-1.9801881137252818e-13	-5.092369368760432e-09	17.92786512880663	-0.0721348711933786
-1.4598738806998413	-1.0217751797305228	300.0	total	0	-4.983741958268299e-09	-1.9307244925316534e-13	-4.9646897944783904e-09	17.932815866981784	-0.06718413301821945
-1.4548738806998411	-1.016775179730523	300.0	total	0	-4.739771321937041e-09	-1.8362091490472643e-13	-4.720719128368067e-09	17.937683889798347	-0.0623161102016567
-1.4498738806998412	-1.011775179730523	300.0	total	0	-4.393436020213967e-09	-1.702037264695245e-13	-4.374384003085691e-09	17.9424130797755	-0.05758692022450394
-1.4448738806998411	-1.0067751797305227	300.0	total	0	-3.966372423221768e-09	-1.5365908684961912e-13	-3.947320610232351e-09	17.946951072606666	-0.05304892739333718
-1.4398738806998412	-1.0017751797305228	300.0	total	0	-3.485415575260508e-09	-1.3502659796906948e-13	-3.466363647998037e-09	17.95125307714747	-0.04874692285253403
-1.4348738806998411	-0.9967751797305228	300.0	total	0	-2.979489345756921e-09	-1.1542678379538028e-13	-2.9604372985217663e-09	17.955284237461736	-0.04471576253825596
-1.4298738806998412	-0.9917751797305229	300.0	total	0	-2.476475044425349e-09	-9.593977905462878e-14	-2.457422857406684e-09	17.959020524167258	-0.040979475832740864
-1.4248738806998411	-0.9867751797305228	300.0	total	0	-2.000556961724149e-09	-7.750249425128013e-14	-1.9815049356539735e-09	17.962448420759536	-0.03755157924047386
-1.4198738806998412	-0.9817751797305229	300.0	total	0	-1.570390968732334e-09	-6.083766638743781e-14	-1.5513393223160327e-09	17.965563813821674	-0.034436186178330414
-1.414873880699841	-0.9767751797305227	300.0	total	0	-1.1982401046170168e-09	-4.6420371224870306e-14	-1.1791880770359847e-09	17.968370496930934	-0.031629503069062176
-1.4098738806998412	-0.9717751797305229	300.0	total	0	-8.900384556916369e-10	-3.4480497989024926e-14	-8.709865240501566e-10	17.97087860064768	-0.02912139935232118
-1.404873880699841	-0.9667751797305227	300.0	total	0	-6.462113674363818e-10	-2.5034524758888547e-14	-6.271589857497097e-10	17.973103129331296	-0.02689687066870418
-1.3998738806998412	-0.9617751797305228	300.0	total	0	-4.629620832970968e-10	-1.7935363444173408e-14	-4.4391009751882145e-10	17.975062673130267	-0.02493732686974453
-1.394873880699841	-0.9567751797305227	300.0	total	0	-3.337523318371164e-10	-1.2929718410649348e-14	-3.147003981119674e-10	17.976778296361548	-0.023221703638454872
-1.3898738806998412	-0.9517751797305228	300.0	total	0	-2.5070004141553944e-10	-9.712234587841077e-15	-2.3164789706515166e-10	17.978272580497016	-0.021727419502984596
-1.384873880699841	-0.9467751797305227	300.0	total	0	-2.0573499664132164e-10	-7.970268130100749e-15	-1.8668273550045474e-10	17.979568804302588	-0.020431195697413845
-1.3798738806998412	-0.9417751797305228	300.0	total	0	-1.9142363175589037e-10	-7.415839290541393e-15	-1.7237155599058225e-10	17.980690256317317	-0.01930974368268714
-1.374873880699841	-0.9367751797305227	300.0	total	0	-2.0146369456978992e-10	-7.804795928819826e-15	-1.8241168828573503e-10	17.981659683235797	-0.018340316764210957
-1.3698738806998412	-0.9317751797305228	300.0	total	0	-2.30897483211434e-10	-8.945074400584212e-15	-2.1184528851215732e-10	17.98249887773496	-0.01750112226503935
-1.364873880699841	-0.9267751797305227	300.0	total	0	-2.7612065453934994e-10	-1.0697040799404374e-14	-2.570684478829986e-10	17.98322840266882	-0.016771597331195685
-1.3598738806998412	-0.9217751797305228	300.0	total	0	-3.3475988021220623e-10	-1.2968751296811705e-14	-3.157081203161467e-10	17.98386743933833	-0.016132560661680315
-1.354873880699841	-0.9167751797305227	300.0	total	0	-4.054773791836866e-10	-1.5708379641499544e-14	-3.8642519416939525e-10	17.98443373917656	-0.015566260823439457
-1.3498738806998412	-0.9117751797305228	300.0	total	0	-4.87735463014508e-10	-1.8895095536719635e-14	-4.686832669620445e-10	17.98494365246308	-0.01505634753692573
-1.344873880699841	-0.9067751797305227	300.0	total	0	-5.815557954210016e-10	-2.2529738244778695e-14	-5.625032606118731e-10	17.985412204867504	-0.014587795132495595
-1.3398738806998411	-0.9017751797305228	300.0	total	0	-6.872620926614563e-10	-2.662484868199507e-14	-6.682103317138777e-10	17.985853192124683	-0.014146807875326756
-1.334873880699841	-0.8967751797305227	300.0	total	0	-8.052241426263453e-10	-3.119475260084866e-14	-7.861716606347496e-10	17.986279264199055	-0.013720735800946779
-1.3298738806998411	-0.8917751797305228	300.0	total	0	-9.355718824868414e-10	-3.624448382694631e-14	-9.165198125447839e-10	17.986701972462264	-0.013298027537741612
-1.3248738806998412	-0.8867751797305229	300.0	total	0	-1.0779123665736678e-09	-4.175881946483595e-14	-1.0588605615954695e-09	17.987131756816474	-0.012868243183531192
-1.3198738806998411	-0.8817751797305228	300.0	total	0	-1.2310258324582717e-09	-4.7690505358592243e-14	-1.211973623403328e-09	17.987577855100405	-0.01242214489958561
-1.314873880699841	-0.8767751797305227	300.0	total	0	-1.3925808258902567e-09	-5.394921990123494e-14	-1.3735286929962387e-09	17.988048125706904	-0.011951874293091306
-1.3098738806998411	-0.8717751797305228	300.0	total	0	-1.5589108156927685e-09	-6.039291999332067e-14	-1.5398592283261165e-09	17.988548787323523	-0.011451212676474264
-1.3048738806998412	-0.8667751797305229	300.0	total	0	-1.7249047689408273e-09	-6.682360187516396e-14	-1.7058527514432634e-09	17.989084097547632	-0.010915902452367817
-1.2998738806998411	-0.8617751797305228	300.0	total	0	-1.8840783960784904e-09	-7.29900611953526e-14	-1.8650263153798115e-09	17.989656013576166	-0.010343986423828567
-1.294873880699841	-0.8567751797305226	300.0	total	0	-2.028898668528874e-09	-7.860046497179969e-14	-2.009846549583347e-09	17.99026389937421	-0.00973610062580078
-1.289873880699841	-0.8517751797305227	300.0	total	0	-2.151370104656019e-09	-8.334506457880598e-14	-2.132318338301336e-09	17.990904358054635	-0.009095641945356772
-1.2848738806998412	-0.8467751797305229	300.0	total	0	-2.2438575984374027e-09	-8.692807250722274e-14	-2.2248056097709222e-09	17.991571267578944	-0.008428732421068445
-1.279873880699841	-0.8417751797305227	300.0	total	0	-2.300022845548147e-09	-8.910393994044527e-14	-2.280970652899356e-09	17.992256075948877	-0.007743924051103496
-1.2748738806998412	-0.8367751797305228	300.0	total	0	-2.3157099215632495e-09	-8.971166446013706e-14	-2.296657662315042e-09	17.992948368311797	-0.007051631688211369
-1.269873880699841	-0.8317751797305227	300.0	total	0	-2.2895756947030846e-09	-8.869921252512893e-14	-2.2705238477230556e-09	17.993636661161144	-0.00636333883885113
-1.2648738806998412	-0.8267751797305228	300.0	total	0	-2.2233154843993976e-09	-8.613226158776383e-14	-2.2042636454565028e-09	17.9943093242997	-0.005690675700305599
-1.259873880699841	-0.8217751797305227	300.0	total	0	-2.1214206636268945e-09	-8.218480949704698e-14	-2.1023684220154905e-09	17.99495549779914	-0.0050445022008642265
-1.2548738806998412	-0.8167751797305228	300.0	total	0	-1.9905343582941324e-09	-7.711421399754106e-14	-1.9714818468419697e-09	17.995565871076224	-0.004434128923775143
-1.249873880699841	-0.8117751797305227	300.0	total	0	-1.8385592503821428e-09	-7.122662861375095e-14	-1.8195073172186268e-09	17.996133224409636	-0.0038667755903606877
-1.2448738806998412	-0.8067751797305228	300.0	total	0	-1.6737161770963448e-09	-6.484053234949596e-14	-1.654663878171442e-09	17.99665268753008	-0.003347312469908254
-1.239873880699841	-0.8017751797305227	300.0	total	0	-1.503717952219474e-09	-5.825472314819605e-14	-1.4846658642655491e-09	17.99712172697915	-0.002878273020857145
-1.2348738806998412	-0.7967751797305228	300.0	total	0	-1.3351883185730594e-09	-5.1725807844732365e-14	-1.3161362306851944e-09	17.99753991755989	-0.0024600824401162934
-1.229873880699841	-0.7917751797305227	300.0	total	0	-1.1733415382935965e-09	-4.5455789345790536e-14	-1.154289053071542e-09	17.997908575108173	-0.0020914248918356753
-1.2248738806998412	-0.7867751797305228	300.0	total	0	-1.0219052761474823e-09	-3.958907909411168e-14	-1.0028532386517687e-09	17.998230328534344	-0.001769671465649882
-1.219873880699841	-0.7817751797305227	300.0	total	0	-8.832278321092661e-10	-3.421665130775602e-14	-8.641755582941466e-10	17.998508695048926	-0.0014913049510682202
-1.2148738806998411	-0.7767751797305228	300.0	total	0	-7.584828232708214e-10	-2.938397245114142e-14	-7.39430763234816e-10	17.99874770184606	-0.0012522981539485555
-1.209873880699841	-0.7717751797305227	300.0	total	0	-6.479282068390195e-10	-2.5101035904773954e-14	-6.288758558738702e-10	17.99895157700313	-0.0010484229968795449
-1.2048738806998411	-0.7667751797305228	300.0	total	0	-5.511550114790746e-10	-2.1351997931569613e-14	-5.321028565119667e-10	17.999124515924663	-0.000875484075352254
-1.199873880699841	-0.7617751797305227	300.0	total	0	-4.673151521898267e-10	-1.8104003329609842e-14	-4.482627837171375e-10	17.999270518664005	-0.0007294813359984526
-1.1948738806998411	-0.7567751797305228	300.0	total	0	-3.952995839569077e-10	-1.531408718637529e-14	-3.762476077266074e-10	17.999393287498574	-0.0006067125014349478
-1.189873880699841	-0.7517751797305227	300.0	total	0	-3.3388132223237444e-10	-1.2934715557723002e-14	-3.148290126045979e-10	17.99949617199338	-0.0005038280066440194
-1.1848738806998411	-0.7467751797305228	300.0	total	0	-2.818093597275504e-10	-1.0917423847516017e-14	-2.627568059612977e-10	17.999582149103247	-0.00041785089675474223
-1.1798738806998412	-0.7417751797305229	300.0	total	0	-2.3787700086372115e-10	-9.21546411558483e-15	-2.188248784695399e-10	17.999653827487588	-0.0003461725124199271
-1.1748738806998411	-0.7367751797305228	300.0	total	0	-2.0096351408449877e-10	-7.785418707412208e-15	-1.8191118433785482e-10	17.999713467330874	-0.0002865326691185156
-1.4748738806998412	-1.036775179730523	300.0	K	0	0.25099316368383884	9.723590278955324e-06	-0.1675936766482639	1.5853888453253038	-0.03961115467469624
-1.4698738806998413	-1.031775179730523	300.0	K	0	0.25870133709781923	1.0022208452361405e-05	-0.15988550323428352	1.587626812018832	-0.03737318798116774
-1.4648738806998411	-1.0267751797305227	300.0	K	0	0.26663573688727765	1.0329590739312079e-05	-0.15195110344482501	1.5899145593974633	-0.03508544060253683
-1.4598738806998413	-1.0217751797305228	300.0	K	0	0.2746961801952138	1.0641856009978353e-05	-0.14389066013688892	1.592221818937634	-0.032778181062365956
-1.4548738806998411	-1.016775179730523	300.0	K	0	0.2827735179554851	1.095477577947672e-05	-0.13581332237661758	1.594515862712184	-0.030484137287815526
-1.4498738806998412	-1.011775179730523	300.0	K	0	0.29075787248580176	1.1264093335999949e-05	-0.127828967846301	1.59676411848182	-0.028235881518179802
-1.4448738806998411	-1.0067751797305227	300.0	K	0	0.29854612943367465	1.1565813982239285e-05	-0.12004071089842805	1.5989365532944952	-0.026063446705504527
-1.4398738806998412	-1.0017751797305228	300.0	K	0	0.3060476869311645	1.1856427760276275e-05	-0.11253915340093822	1.6010075053448092	-0.02399249465519095
-1.4348738806998411	-0.9967751797305228	300.0	K	0	0.31318796148486683	1.2133045271368758e-05	-0.10539887884723591	1.602956789784408	-0.022043210215592173
-1.4298738806998412	-0.9917751797305229	300.0	K	0	0.31990970971283295	1.2393448880645407e-05	-0.0986771306192697	1.6047700744487596	-0.02022992555124046
-1.4248738806998411	-0.9867751797305228	300.0	K	0	0.32617265411183094	1.2636078219157768e-05	-0.0924141862202718	1.6064386595992035	-0.018561340400796423
-1.4198738806998412	-0.9817751797305229	300.0	K	0	0.3319520851669822	1.2859976028966443e-05	-0.08663475516512051	1.6079588666207056	-0.017041133379294245
-1.414873880699841	-0.9767751797305227	300.0	K	0	0.3372370516336613	1.3064718053831857e-05	-0.08134978869844135	1.609331240547356	-0.015668759452643892
-1.4098738806998412	-0.9717751797305229	300.0	K	0	0.342028537729292	1.325034242278842e-05	-0.07655830260281085	1.6105597222496595	-0.014440277750340342
-1.404873880699841	-0.9667751797305227	300.0	K	0	0.3463377845907195	1.3417284622633258e-05	-0.07224905574138325	1.6116508801129876	-0.013349119887012376
-1.3998738806998412	-0.9617751797305228	300.0	K	0	0.35018474065180444	1.3566317464843463e-05	-0.06840209968029828	1.6126132347523245	-0.012386765247675477
-1.394873880699841	-0.9567751797305227	300.0	K	0	0.3535965591827626	1.3698492879561026e-05	-0.06499028114934022	1.6134566767224636	-0.011543323277536533
-1.3898738806998412	-0.9517751797305228	300.0	K	0	0.3566060827606047	1.3815083203282565e-05	-0.061980757571498	1.614191965704625	-0.010808034295374776
-1.384873880699841	-0.9467751797305227	300.0	K	0	0.3592503166863388	1.391752203834159e-05	-0.05933652364576397	1.6148303018591894	-0.010169698140810684
-1.3798738806998412	-0.9417751797305228	300.0	K	0	0.3615689507105271	1.400734698387856e-05	-0.0570178896215757	1.6153829664110122	-0.009617033588987777
-1.374873880699841	-0.9367751797305227	300.0	K	0	0.36360301521875427	1.4086147575849582e-05	-0.05498382511334837	1.615861032782419	-0.009138967217581102
-1.3698738806998412	-0.9317751797305228	300.0	K	0	0.36539375090816173	1.415552149777693e-05	-0.05319308942394096	1.6162751496373793	-0.008724850362620447
-1.364873880699841	-0.9267751797305227	300.0	K	0	0.3669817407891093	1.4217040954095314e-05	-0.051605099542993436	1.616635393947633	-0.008364606052367012
-1.3598738806998412	-0.9217751797305228	300.0	K	0	0.3684063147637749	1.4272229603253743e-05	-0.05018052556832786	1.6169511876345393	-0.008048812365461065
-1.354873880699841	-0.9167751797305227	300.0	K	0	0.369705201548953	1.432254907304508e-05	-0.04888163878314973	1.6172312672019709	-0.007768732798029001
-1.3498738806998412	-0.9117751797305228	300.0	K	0	0.37091437613424105	1.4369393051066238e-05	-0.04767246419786167	1.617483692952605	-0.0075163070473949125
-1.344873880699841	-0.9067751797305227	300.0	K	0	0.3720680342635571	1.4414086296120458e-05	-0.04651880606854563	1.6177158830069736	-0.007284116993026376
-1.3398738806998411	-0.9017751797305228	300.0	K	0	0.3731986168882204	1.4457885585540864e-05	-0.045388223443882325	1.61793465712532	-0.007065342874680233
-1.334873880699841	-0.8967751797305227	300.0	K	0	0.37433680492013116	1.4501979511926251e-05	-0.04425003541197157	1.6181462758850431	-0.006853724114956769
-1.3298738806998411	-0.8917751797305228	300.0	K	0	0.37551140665009186	1.4547484121675211e-05	-0.0430754336820109	1.6183564618704767	-0.0066435381295233955
-1.3248738806998412	-0.8867751797305229	300.0	K	0	0.37674906740821107	1.4595431667097012e-05	-0.04183777292389166	1.6185703912540987	-0.006429608745901197
-1.3198738806998411	-0.8817751797305228	300.0	K	0	0.37807374588298065	1.4646750318772466e-05	-0.04051309444912207	1.618792646864998	-0.006207353135001865
-1.314873880699841	-0.8767751797305227	300.0	K	0	0.379505927829321	1.4702233704242965e-05	-0.03908091250278173	1.6190271281489794	-0.0059728718510208036
-1.3098738806998411	-0.8717751797305228	300.0	K	0	0.3810615895172841	1.4762500751537826e-05	-0.03752525081481869	1.619276919926339	-0.0057230800736609334
-1.3048738806998412	-0.8667751797305229	300.0	K	0	0.38275098159017573	1.4827948575280172e-05	-0.03583585874192713	1.6195441307817384	-0.0054558692182616235
-1.2998738806998411	-0.8617751797305228	300.0	K	0	0.3845773747230282	1.4898703882920842e-05	-0.03400946560907443	1.6198297226523135	-0.005170277347686417
-1.294873880699841	-0.8567751797305226	300.0	K	0	0.3865359786727679	1.4974581098246124e-05	-0.03205086165933484	1.6201333637878936	-0.004866636212106387
-1.289873880699841	-0.8517751797305227	300.0	K	0	0.3886132938754272	1.5055057241956345e-05	-0.029973546456675562	1.620453344426318	-0.004546655573681904
-1.2848738806998412	-0.8467751797305229	300.0	K	0	0.39078715277887527	1.5139273532914828e-05	-0.027799687553227426	1.6207865942194981	-0.0042134057805021125
-1.279873880699841	-0.8417751797305227	300.0	K	0	0.39302763541026287	1.5226070857650615e-05	-0.025559204921839867	1.6211288294795951	-0.0038711705204050022
-1.2748738806998412	-0.8367751797305228	300.0	K	0	0.39529889859236	1.5314060635038368e-05	-0.023287941739742697	1.6214748364431866	-0.0035251635568133506
-1.269873880699841	-0.8317751797305227	300.0	K	0	0.39756176834526236	1.5401725247129476e-05	-0.02102507198684041	1.621818868134024	-0.0031811318659764735
-1.2648738806998412	-0.8267751797305228	300.0	K	0	0.39977676416851454	1.548753520122859e-05	-0.018810076163588194	1.6221551051485805	-0.002844894851419373
-1.259873880699841	-0.8217751797305227	300.0	K	0	0.40190711306857796	1.5570065894700115e-05	-0.016679727263524718	1.6224781139745317	-0.002521886025468252
-1.2548738806998412	-0.8167751797305228	300.0	K	0	0.4039213109904586	1.5648096846004276e-05	-0.014665529341644149	1.6227832363957466	-0.0022167636042531116
-1.249873880699841	-0.8117751797305227	300.0	K	0	0.405794899746187	1.5720680533721398e-05	-0.012791940585915826	1.6230668601411178	-0.001933139858882022
-1.2448738806998412	-0.8067751797305228	300.0	K	0	0.40751130802889585	1.578717497782303e-05	-0.011075532303206874	1.6233265480892825	-0.001673451910717466
-1.239873880699841	-0.8017751797305227	300.0	K	0	0.4090617947289218	1.58472415437117e-05	-0.009525045603180923	1.6235610318735827	-0.001438968126417014
-1.2348738806998412	-0.7967751797305228	300.0	K	0	0.41044467775935817	1.5900815066569166e-05	-0.0081421625727446	1.6237700975460423	-0.0012299024539574527
-1.229873880699841	-0.7917751797305227	300.0	K	0	0.4116641044339916	1.5948056215233678e-05	-0.006922735898111071	1.6239544019123915	-0.0010455980876087306
-1.2248738806998412	-0.7867751797305228	300.0	K	0	0.41272862190903664	1.5989296110457137e-05	-0.005858218423066075	1.6241152585112364	-0.0008847414887633489
-1.219873880699841	-0.7817751797305227	300.0	K	0	0.41364975964518846	1.6024981408834853e-05	-0.004937080686914279	1.6242544251924822	-0.0007455748075178322
-1.2148738806998411	-0.7767751797305228	300.0	K	0	0.41444076735412416	1.6055625410274168e-05	-0.004146072977978462	1.624373914930741	-0.0006260850692592393
-1.209873880699841	-0.7717751797305227	300.0	K	0	0.41511558380244373	1.6081768108986172e-05	-0.003471256529659006	1.624475841251773	-0.0005241587482269253
-1.2048738806998411	-0.7667751797305228	300.0	K	0	0.4156880573169283	1.6103945995501892e-05	-0.0028987830151744353	1.624562301435137	-0.000437698564862982
-1.199873880699841	-0.7617751797305227	300.0	K	0	0.41617140235190053	1.6122671003842587e-05	-0.0024154379802022174	1.6246352951591907	-0.0003647048408093685
-1.1948738806998411	-0.7567751797305228	300.0	K	0	0.41657785671649833	1.6138417232347125e-05	-0.0020089836156044405	1.624696673275584	-0.0003033267244159056
-1.189873880699841	-0.7517751797305227	300.0	K	0	0.4169184969718009	1.6151613792071966e-05	-0.0016683433603017657	1.6247481103302852	-0.00025188966971448725
-1.1848738806998411	-0.7467751797305228	300.0	K	0	0.4172031705710149	1.616264217787087e-05	-0.0013836697610878181	1.6247910946058037	-0.00020890539419613315
-1.1798738806998412	-0.7417751797305229	300.0	K	0	0.4174405087221996	1.6171836766702746e-05	-0.0011463316099031228	1.624826930271178	-0.00017306972882209077
-1.1748738806998411	-0.7367751797305228	300.0	K	0	0.41763799100474935	1.6179487320903837e-05	-0.0009488493273533344	1.6248567472862914	-0.00014325271370874208
-1.4748738806998412	-1.036775179730523	300.0	Kprime	0	-0.25099316867630544	-9.72359047236577e-06	0.16759367165958294	1.5853888468655906	-0.03961115313440937
-1.4698738806998413	-1.031775179730523	300.0	Kprime	0	-0.258701342200455	-1.0022208650039856e-05	0.1598854981354333	1.5876268136057476	-0.037373186394252196
-1.4648738806998411	-1.0267751797305227	300.0	Kprime	0	-0.26663574198334683	-1.0329590936736136e-05	0.15195109835254159	1.589914560997317	-0.035085439002682815
-1.4598738806998413	-1.0217751797305228	300.0	Kprime	0	-0.2746961851636197	-1.0641856202456677e-05	0.14389065517226868	1.592221820515062	-0.03277817948493794
-1.4548738806998411	-1.016775179730523	300.0	Kprime	0	-0.28277352267993355	-1.095477596250402e-05	0.13581331765595478	1.5945158642327588	-0.03048413576724111
-1.4498738806998412	-1.011775179730523	300.0	Kprime	0	-0.2907578768639255	-1.1264093505610472e-05	0.12782896347196285	1.5967641199146516	-0.028235880085348677
-1.4448738806998411	-1.0067751797305227	300.0	Kprime	0	-0.29854613338474345	-1.1565814135305502e-05	0.12004070695114488	1.5989365546144299	-0.026063445385570247
-1.4398738806998412	-1.0017751797305228	300.0	Kprime	0	-0.3060476904012833	-1.1856427894710268e-05	0.11253914993460506	1.601007506533919	-0.023992493466080785
-1.4348738806998411	-0.9967751797305228	300.0	Kprime	0	-0.31318796444906477	-1.2133045386203146e-05	0.10539887588682355	1.6029567908326197	-0.022043209167380506
-1.4298738806998412	-0.9917751797305229	300.0	Kprime	0	-0.31990971217402103	-1.2393448975992963e-05	0.09867712816186731	1.6047700753536236	-0.020229924646376313
-1.4248738806998411	-0.9867751797305228	300.0	Kprime	0	-0.3261726560971047	-1.2636078296068185e-05	0.09241418423878361	1.6064386603649614	-0.018561339635038667
-1.4198738806998412	-0.9817751797305229	300.0	Kprime	0	-0.33195208672209336	-1.2859976089212161e-05	0.08663475361379495	1.6079588672568768	-0.017041132743123237
-1.414873880699841	-0.9767751797305227	300.0	Kprime	0	-0.3372370528166238	-1.3064718099660367e-05	0.08134978751926457	1.6093312410671086	-0.015668758932891453
-1.4098738806998412	-0.9717751797305229	300.0	Kprime	0	-0.3420285386040548	-1.3250342456677133e-05	0.07655830173183358	1.6105597226681985	-0.014440277331801513
-1.404873880699841	-0.9667751797305227	300.0	Kprime	0	-0.3463377852216564	-1.3417284647076043e-05	0.07224905511423188	1.6116508804461425	-0.013349119553857433
-1.3998738806998412	-0.9617751797305228	300.0	Kprime	0	-0.3501847410994939	-1.3566317482187157e-05	0.06840209923639444	1.612613235015448	-0.01238676498455194
-1.394873880699841	-0.9567751797305227	300.0	Kprime	0	-0.35359655950124336	-1.3698492891899116e-05	0.06499028083464499	1.6134566769296788	-0.01154332307032133
-1.3898738806998412	-0.9517751797305228	300.0	Kprime	0	-0.35660608299603397	-1.3815083212403204e-05	0.06198075733985435	1.6141919658684047	-0.010808034131595097
-1.384873880699841	-0.9467751797305227	300.0	Kprime	0	-0.3592503168768037	-1.391752204572029e-05	0.05933652345908473	1.6148303019902097	-0.010169698009790104
-1.3798738806998412	-0.9417751797305228	300.0	Kprime	0	-0.36156895088668134	-1.4007346990702857e-05	0.057017889449207014	1.6153829665182087	-0.009617033481791434
-1.374873880699841	-0.9367751797305227	300.0	Kprime	0	-0.36360301540494927	-1.4086147583062862e-05	0.05498382493093904	1.6158610328731662	-0.009138967126833628
-1.3698738806998412	-0.9317751797305228	300.0	Kprime	0	-0.3653937511237907	-1.4155521506130495e-05	0.05319308921209761	1.6162751497177408	-0.008724850282259236
-1.364873880699841	-0.9267751797305227	300.0	Kprime	0	-0.36698174104996173	-1.4217040964200857e-05	0.0516050992859266	1.616635394022623	-0.008364605977377298
-1.3598738806998412	-0.9217751797305228	300.0	Kprime	0	-0.36840631508326727	-1.4272229615631023e-05	0.050180525252621073	1.616951187708376	-0.008048812291623816
-1.354873880699841	-0.9167751797305227	300.0	Kprime	0	-0.36970520193916273	-1.4322549088161984e-05	0.04888163839672562	1.6172312672783002	-0.0077687327216996215
-1.3498738806998412	-0.9117751797305228	300.0	Kprime	0	-0.3709143766067091	-1.4369393069369868e-05	0.0476724637291793	1.6174836930346779	-0.007516306965321943
-1.344873880699841	-0.9067751797305227	300.0	Kprime	0	-0.3720680348298453	-1.4414086318058722e-05	0.04651880550604309	1.617715883097786	-0.007284116902214027
-1.3398738806998411	-0.9017751797305228	300.0	Kprime	0	-0.3731986175602158	-1.4457885611574273e-05	0.04538822277567259	1.6179346572277034	-0.0070653427722964825
-1.334873880699841	-0.8967751797305227	300.0	Kprime	0	-0.3743368057100879	-1.450197954252954e-05	0.04425003462580041	1.618146276001712	-0.006853723998288054
-1.3298738806998411	-0.8917751797305228	300.0	Kprime	0	-0.37551140757039686	-1.4547484157328249e-05	0.04307543276549152	1.618356462004022	-0.0066435379959775736
-1.3248738806998412	-0.8867751797305229	300.0	Kprime	0	-0.37674906847085693	-1.45954317082644e-05	0.041837771865031445	1.6185703914069398	-0.006429608593060236
-1.3198738806998411	-0.8817751797305228	300.0	Kprime	0	-0.37807374709873975	-1.4646750365871531e-05	0.04051309323714873	1.618792647039275	-0.006207352960724701
-1.314873880699841	-0.8767751797305227	300.0	Kprime	0	-0.37950592920663506	-1.4702233757600742e-05	0.039080911129253285	1.6190271283464064	-0.005972871653593363
-1.3098738806998411	-0.8717751797305228	300.0	Kprime	0	-0.38106159106092874	-1.4762500811339328e-05	0.03752524927495964	1.619276920148016	-0.005723079851983972
-1.3048738806998412	-0.8667751797305229	300.0	Kprime	0	-0.38275098329981383	-1.4827948641512336e-05	0.03583585703607453	1.6195441310279415	-0.005455868972058516
-1.2998738806998411	-0.8617751797305228	300.0	Kprime	0	-0.38457737659184016	-1.4898703955319474e-05	0.03400946374404825	1.6198297229222978	-0.005170277077702334
-1.294873880699841	-0.8567751797305226	300.0	Kprime	0	-0.3865359806863999	-1.497458117625515e-05	0.0320508596494884	1.6201333640797382	-0.004866635920261716
-1.289873880699841	-0.8517751797305227	300.0	Kprime	0	-0.388613296011531	-1.5055057324709987e-05	0.029973544324357317	1.6204533447368614	-0.004546655263138807
-1.2848738806998412	-0.8467751797305229	300.0	Kprime	0	-0.39078715500746647	-1.5139273619251473e-05	0.0277996853284219	1.6207865945443911	-0.004213405455608768
-1.279873880699841	-0.8417751797305227	300.0	Kprime	0	-0.393027637695019	-1.5226070946163117e-05	0.02555920264086928	1.6211288298135007	-0.0038711701864990295
-1.2748738806998412	-0.8367751797305228	300.0	Kprime	0	-0.39529890089280323	-1.5314060724158594e-05	0.023287939443085087	1.621474836780108	-0.0035251632198921856
-1.269873880699841	-0.8317751797305227	300.0	Kprime	0	-0.3975617706195717	-1.5401725335237264e-05	0.02102506971631661	1.6218188684677277	-0.003181131532272239
-1.2648738806998412	-0.8267751797305228	300.0	Kprime	0	-0.39977676637656373	-1.5487535286769428e-05	0.01881007395932458	1.6221551054730607	-0.002844894526939166
-1.259873880699841	-0.8217751797305227	300.0	Kprime	0	-0.401907115174732	-1.5570065976293488e-05	0.016679725161156324	1.6224781142844305	-0.0025218857155696974
-1.2548738806998412	-0.8167751797305228	300.0	Kprime	0	-0.403921312965726	-1.564809692252704e-05	0.014665527370162322	1.6227832366866837	-0.002216763313316145
-1.249873880699841	-0.8117751797305227	300.0	Kprime	0	-0.4057949015694799	-1.5720680604356604e-05	0.012791938766408528	1.6230668604098852	-0.0019331395901145793
-1.2448738806998412	-0.8067751797305228	300.0	Kprime	0	-0.40751130968734534	-1.578717504207212e-05	0.011075530648543004	1.6233265483338968	-0.001673451666103177
-1.239873880699841	-0.8017751797305227	300.0	Kprime	0	-0.40906179621737326	-1.5847241601374993e-05	0.00952504411851507	1.6235610320932135	-0.0014389679067866202
-1.2348738806998412	-0.7967751797305228	300.0	Kprime	0	-0.41044467907928006	-1.5900815117703546e-05	0.008142161256608384	1.6237700977408507	-0.0012299022591490897
-1.229873880699841	-0.7917751797305227	300.0	Kprime	0	-0.4116641055920663	-1.5948056260098025e-05	0.006922734743822035	1.6239544020833234	-0.0010455979166766988
-1.2248738806998412	-0.7867751797305228	300.0	Kprime	0	-0.4127286229156755	-1.598929614945479e-05	0.0058582174202128495	1.6241152586598009	-0.0008847413401991849
-1.219873880699841	-0.7817751797305227	300.0	Kprime	0	-0.41364976051314967	-1.602498144246007e-05	0.004937079822738724	1.6242544253205433	-0.0007455746794565722
-1.2148738806998411	-0.7767751797305228	300.0	Kprime	0	-0.41444076809734054	-1.6055625439066712e-05	0.004146072238547704	1.6243739150403456	-0.0006260849596547009
-1.209873880699841	-0.7717751797305227	300.0	Kprime	0	-0.41511558443510516	-1.608176813349577e-05	0.0034712559007831515	1.6244758413450109	-0.0005241586549892772
-1.2048738806998411	-0.7667751797305228	300.0	Kprime	0	-0.41568805785281676	-1.6103946016262456e-05	0.0028987824830715814	1.6245623015140411	-0.0004376984859586569
-1.199873880699841	-0.7617751797305227	300.0	Kprime	0	-0.416171402803949	-1.6122671021355152e-05	0.002415437531939438	1.6246352952256726	-0.0003647047743275237
-1.1948738806998411	-0.7567751797305228	300.0	Kprime	0	-0.4165778570965315	-1.6138417247069784e-05	0.002008983239356835	1.6246966733313926	-0.0003033266686077158
-1.189873880699841	-0.7517751797305227	300.0	Kprime	0	-0.4169184972904155	-1.6151613804415242e-05	0.0016683430454727554	1.624748110376988	-0.0002518896230116365
-1.1848738806998411	-0.7467751797305228	300.0	Kprime	0	-0.4172031708375573	-1.6162642188196845e-05	0.001383669498331015	1.6247910946447854	-0.00020890535521456518
-1.1798738806998412	-0.7417751797305229	300.0	Kprime	0	-0.4174405089448102	-1.6171836775326782e-05	0.0011463313910782412	1.624826930303644	-0.00017306969635583268
-1.1748738806998411	-0.7367751797305228	300.0	Kprime	0	-0.4176379911904462	-1.6179487328097817e-05	0.0009488491454421479	1.6248567473132824	-0.00014325268671768143
-1.4748738806998412	-1.036775179730523	300.0	rest	0	-1.5398644916997046e-11	-5.965505666624586e-16	-1.3229634126402614e-13	14.74715106939902	-0.002848930600970737
-1.4698738806998413	-1.031775179730523	300.0	rest	0	-1.5372982174691686e-11	-5.955563802553497e-16	-1.0641730249097135e-13	14.747632998557451	-0.002367001442541763
-1.4648738806998411	-1.0267751797305227	300.0	rest	0	-1.5352079233534214e-11	-5.947465907277895e-16	-8.587014599311033e-14	14.748036008411852	-0.001963991588159002
-1.4598738806998413	-1.0217751797305228	300.0	rest	0	-1.5335744045289597e-11	-5.941137580430701e-16	-6.949431115271245e-14	14.748372227529083	-0.0016277724709155236
-1.4548738806998411	-1.016775179730523	300.0	rest	0	-1.532271183202713e-11	-5.936088841240665e-16	-5.6392754338740504e-14	14.748652162853402	-0.001347837146600067
-1.4498738806998412	-1.011775179730523	300.0	rest	0	-1.5312184522939645e-11	-5.932010513416741e-16	-4.588180942748742e-14	14.748884841379011	-0.0011151586209754748
-1.4448738806998411	-1.0067751797305227	300.0	rest	0	-1.530375653628134e-11	-5.92874547273041e-16	-3.739622421295811e-14	14.749077964697742	-0.0009220353022624102
-1.4398738806998412	-1.0017751797305228	300.0	rest	0	-1.52968828658445e-11	-5.926082581277136e-16	-3.0530207303361564e-14	14.749238065268738	-0.0007619347312623162
-1.4348738806998411	-0.9967751797305228	300.0	rest	0	-1.5291319833739388e-11	-5.923927437124806e-16	-2.49552623190458e-14	14.749370656844713	-0.000629343155283275
-1.4298738806998412	-0.9917751797305229	300.0	rest	0	-1.5286791225384886e-11	-5.922173033477842e-16	-2.0435316578245463e-14	14.749480374364884	-0.0005196256351240908
-1.4248738806998411	-0.9867751797305228	300.0	rest	0	-1.5282905464337447e-11	-5.920667671826047e-16	-1.6757738548089866e-14	14.749571100795368	-0.0004288992046387852
-1.4198738806998412	-0.9817751797305229	300.0	rest	0	-1.5280012057623943e-11	-5.919546752794646e-16	-1.3750752282359926e-14	14.749646079944084	-0.0003539200559129328
-1.414873880699841	-0.9767751797305227	300.0	rest	0	-1.527762664234727e-11	-5.918622631975772e-16	-1.1290170709287164e-14	14.749708015316466	-0.0002919846835268365
-1.4098738806998412	-0.9717751797305229	300.0	rest	0	-1.5275610198599047e-11	-5.917841452419304e-16	-9.278677227735112e-15	14.749759155729805	-0.00024084427017932034
-1.404873880699841	-0.9667751797305227	300.0	rest	0	-1.5274009521408304e-11	-5.917221342734116e-16	-7.623151566369372e-15	14.749801368772165	-0.00019863122783436512
-1.3998738806998412	-0.9617751797305228	300.0	rest	0	-1.5272531200477293e-11	-5.916648634425133e-16	-6.265274282585569e-15	14.74983620336249	-0.0001637966375171216
-1.394873880699841	-0.9567751797305227	300.0	rest	0	-1.5271506791519105e-11	-5.916251773696286e-16	-5.170943655027e-15	14.749864942709403	-0.00013505729059701233
-1.3898738806998412	-0.9517751797305228	300.0	rest	0	-1.5270559950051622e-11	-5.915884962969101e-16	-4.240991255661909e-15	14.749888648923987	-0.00011135107601473318
-1.384873880699841	-0.9467751797305227	300.0	rest	0	-1.526993625121129e-11	-5.915643339177766e-16	-3.4857650716818045e-15	14.749908200453193	-9.179954681304247e-05
-1.3798738806998412	-0.9417751797305228	300.0	rest	0	-1.5269151864168983e-11	-5.91533946403999e-16	-2.8887220530155263e-15	14.749924323388091	-7.567661190792588e-05
-1.374873880699841	-0.9367751797305227	300.0	rest	0	-1.5268718465841618e-11	-5.915171563540191e-16	-2.3639815992718458e-15	14.749937617580217	-6.238241979623041e-05
-1.3698738806998412	-0.9317751797305228	300.0	rest	0	-1.5268274278623548e-11	-5.914999483374649e-16	-1.9506982638014326e-15	14.74994857837984	-5.142162015966392e-05
-1.364873880699841	-0.9267751797305227	300.0	rest	0	-1.5268009499516972e-11	-5.914896906734354e-16	-1.6137429171131887e-15	14.749957614698559	-4.238530145139953e-05
-1.3598738806998412	-0.9217751797305228	300.0	rest	0	-1.526772525790231e-11	-5.914786790229162e-16	-1.3203398634750154e-15	14.74996506399541	-3.4936004595428813e-05
-1.354873880699841	-0.9167751797305227	300.0	rest	0	-1.526745925213656e-11	-5.914683738375476e-16	-1.09920030229817e-15	14.749971204696283	-2.879530371083289e-05
-1.3498738806998412	-0.9117751797305228	300.0	rest	0	-1.5267287320489494e-11	-5.91461713126684e-16	-8.95556298165961e-16	14.749976266475795	-2.373352420888165e-05
-1.344873880699841	-0.9067751797305227	300.0	rest	0	-1.5267085052434003e-11	-5.914538771694442e-16	-7.367709809251583e-16	14.749980438762753	-1.9561237255186412e-05
-1.3398738806998411	-0.9017751797305228	300.0	rest	0	-1.526693869458073e-11	-5.914482071990814e-16	-6.0940260429982e-16	14.749983877771653	-1.6122228350038083e-05
-1.334873880699841	-0.8967751797305227	300.0	rest	0	-1.5266848603475838e-11	-5.914447170283577e-16	-4.960745109364844e-16	14.749986712312314	-1.3287687701952184e-05
-1.3298738806998411	-0.8917751797305228	300.0	rest	0	-1.5266800345259863e-11	-5.914428474829372e-16	-4.212870317493437e-16	14.74998904858776	-1.0951412240649351e-05
-1.3248738806998412	-0.8867751797305229	300.0	rest	0	-1.5266700667919766e-11	-5.914389859370649e-16	-3.4124779804044577e-16	14.74999097415544	-9.025844569754641e-06
-1.3198738806998411	-0.8817751797305228	300.0	rest	0	-1.52667279579359e-11	-5.914400431648064e-16	-2.843805794985336e-16	14.749992561196132	-7.438803859040085e-06
-1.314873880699841	-0.8767751797305227	300.0	rest	0	-1.526675753874717e-11	-5.914411891390023e-16	-2.356528793208292e-16	14.749993869211522	-6.1307884771413895e-06
-1.3098738806998411	-0.8717751797305228	300.0	rest	0	-1.5266408949840676e-11	-5.9142768464488465e-16	-1.9029928010965466e-16	14.74999494724917	-5.05275082934906e-06
-1.3048738806998412	-0.8667751797305229	300.0	rest	0	-1.526653240524514e-11	-5.914324673638763e-16	-1.5477290058154776e-16	14.749995835737947	-4.164262047668994e-06
-1.2998738806998411	-0.8617751797305228	300.0	rest	0	-1.5266402034950455e-11	-5.91427416758866e-16	-1.2420913068401716e-16	14.749996568001567	-3.4319984398156536e-06
-1.294873880699841	-0.8567751797305226	300.0	rest	0	-1.526635208451582e-11	-5.914254816561185e-16	-9.612323912981473e-17	14.749997171506578	-2.828493432675893e-06
-1.289873880699841	-0.8517751797305227	300.0	rest	0	-1.5266366318849794e-11	-5.914260331007452e-16	-9.418709957103921e-17	14.749997668891456	-2.33110853607003e-06
-1.2848738806998412	-0.8467751797305229	300.0	rest	0	-1.5266342455775795e-11	-5.914251086343137e-16	-7.809975838176362e-17	14.749998078815056	-1.9211849575610076e-06
-1.279873880699841	-0.8417751797305227	300.0	rest	0	-1.5266322684728904e-11	-5.914243426948892e-16	-6.393658751483194e-17	14.749998416655785	-1.5833441994682871e-06
-1.2748738806998412	-0.8367751797305228	300.0	rest	0	-1.5266419206663402e-11	-5.914280819989013e-16	-4.792963914328408e-17	14.749998695088498	-1.3049115058294919e-06
-1.269873880699841	-0.8317751797305227	300.0	rest	0	-1.5266342745813464e-11	-5.91425119870506e-16	-3.686162211803741e-17	14.74999892455941	-1.075440602417809e-06
-1.2648738806998412	-0.8267751797305228	300.0	rest	0	-1.5266407486653738e-11	-5.914276279603516e-16	-3.9724457358793054e-17	14.749999113678056	-8.86321947058376e-07
-1.259873880699841	-0.8217751797305227	300.0	rest	0	-1.5266357113164434e-11	-5.914256764682722e-16	-2.880566917997051e-17	14.749999269540183	-7.304598262698977e-07
-1.2548738806998412	-0.8167751797305228	300.0	rest	0	-1.5266492355087066e-11	-5.914309158023835e-16	-2.143071331038387e-17	14.749999397993788	-6.020062058843432e-07
-1.249873880699841	-0.8117751797305227	300.0	rest	0	-1.5266372592658726e-11	-5.914262761509807e-16	-1.869551328945511e-17	14.749999503858628	-4.961413640856145e-07
-1.2448738806998412	-0.8067751797305228	300.0	rest	0	-1.526635517891547e-11	-5.914256015345801e-16	-9.339850938034558e-18	14.749999591106912	-4.0889308761169287e-07
-1.239873880699841	-0.8017751797305227	300.0	rest	0	-1.526639576664407e-11	-5.914271739218017e-16	-1.0799277318969184e-17	14.749999663012348	-3.369876535109054e-07
-1.2348738806998412	-0.7967751797305228	300.0	rest	0	-1.5266369056703277e-11	-5.914261391664448e-16	-1.2524741309814278e-17	14.749999722272998	-2.7772700975300137e-07
-1.229873880699841	-0.7917751797305227	300.0	rest	0	-1.5266402506012482e-11	-5.91427435008025e-16	-1.7358280485787582e-17	14.74999977111245	-2.2888755024397322e-07
-1.2248738806998412	-0.7867751797305228	300.0	rest	0	-1.5266281764457818e-11	-5.914227574248192e-16	-1.1039066329661955e-17	14.749999811363313	-1.886366873497106e-07
-1.219873880699841	-0.7817751797305227	300.0	rest	0	-1.5266462665262482e-11	-5.914297656049619e-16	-3.675039781824618e-18	14.74999984453591	-1.554640938165176e-07
-1.2148738806998411	-0.7767751797305228	300.0	rest	0	-1.526644594060788e-11	-5.914291176841719e-16	-6.362288425043884e-18	14.749999871874975	-1.2812503461638226e-07
-1.209873880699841	-0.7717751797305227	300.0	rest	0	-1.5266422766622534e-11	-5.914282199133509e-16	-1.26088364519916e-18	14.74999989440634	-1.0559366334302616e-07
-1.2048738806998411	-0.7667751797305228	300.0	rest	0	-1.5266289192914884e-11	-5.914230452066531e-16	-3.177003572168049e-18	14.74999991297547	-8.702453061464938e-08
-1.199873880699841	-0.7617751797305227	300.0	rest	0	-1.52664204093189e-11	-5.91428128590327e-16	-3.012334309882323e-18	14.749999928279141	-7.17208615604263e-08
-1.1948738806998411	-0.7567751797305228	300.0	rest	0	-1.5266384602706063e-11	-5.914267414257229e-16	-1.8419772001437245e-18	14.7499999408916	-5.9108411326528525e-08
-1.189873880699841	-0.7517751797305227	300.0	rest	0	-1.5266410000978046e-11	-5.914277253664285e-16	-2.5199297048169024e-18	14.749999951286094	-4.8713917895417764e-08
-1.1848738806998411	-0.7467751797305228	300.0	rest	0	-1.5266405352879277e-11	-5.914275452969503e-16	-3.0237925507002293e-18	14.749999959852659	-4.0147344043895966e-08
-1.1798738806998412	-0.7417751797305229	300.0	rest	0	-1.5266376485160342e-11	-5.914264269482787e-16	3.3927318969625903e-18	14.749999966912766	-3.308724200386817e-08
-1.1748738806998411	-0.7367751797305228	300.0	rest	0	-1.5266306473641146e-11	-5.914237146699142e-16	2.4011003494520026e-18	14.74999997273131	-2.7268692091921983e-08
-1.4748738806998412	-1.036775179730523	300.0	valley	0	0.5019863323601443	1.9447180751321095e-05	-0.3351873483078468	-1.540286967416371e-09	-1.5402868731449922e-09
-1.4698738806998413	-1.031775179730523	300.0	valley	0	0.5174026792982742	2.004441710240126e-05	-0.31977100136971687	-1.5869150299385737e-09	-1.5869155388901785e-09
-1.4648738806998411	-1.0267751797305227	300.0	valley	0	0.5332714788706245	2.065918167604822e-05	-0.3039022017973667	-1.599853874378887e-09	-1.5998540220607755e-09
-1.4598738806998413	-1.0217751797305228	300.0	valley	0	0.5493923653588334	2.1283712212435027e-05	-0.2877813153091577	-1.5774278966373956e-09	-1.5774280157505568e-09
-1.4548738806998411	-1.016775179730523	300.0	valley	0	0.5655470406354187	2.1909551741980743e-05	-0.27162664003257236	-1.5205741388246707e-09	-1.5205744156485904e-09
-1.4498738806998412	-1.011775179730523	300.0	valley	0	0.5815157493497273	2.2528186841610423e-05	-0.2556579313182638	-1.4328312841760393e-09	-1.432831120915521e-09
-1.4448738806998411	-1.0067751797305227	300.0	valley	0	0.5970922628184181	2.313162811754479e-05	-0.24008141784957296	-1.3199344395253831e-09	-1.3199342805068058e-09
-1.4398738806998412	-1.0017751797305228	300.0	valley	0	0.6120953773324478	2.371285565498654e-05	-0.2250783033355433	-1.1891100465399873e-09	-1.1891101699967334e-09
-1.4348738806998411	-0.9967751797305228	300.0	valley	0	0.6263759259339317	2.4266090657571905e-05	-0.21079775473405943	-1.0482117118737477e-09	-1.0482116661644618e-09
-1.4298738806998412	-0.9917751797305229	300.0	valley	0	0.6398194218868539	2.478689785663837e-05	-0.19735425878113708	-9.048639754150045e-10	-9.048641477048941e-10
-1.4248738806998411	-0.9867751797305228	300.0	valley	0	0.6523453102089356	2.5272156515225952e-05	-0.1848283704590554	-7.657577905106905e-10	-7.6575775502001e-10
-1.4198738806998412	-0.9817751797305229	300.0	valley	0	0.6639041718890757	2.571995211817861e-05	-0.17326950877891548	-6.361709631308443e-10	-6.361710106917443e-10
-1.414873880699841	-0.9767751797305227	300.0	valley	0	0.6744741044502853	2.6129436153492232e-05	-0.1626995762177059	-5.197525326794405e-10	-5.197524369189777e-10
-1.4098738806998412	-0.9717751797305229	300.0	valley	0	0.6840570763333464	2.6500684879465542e-05	-0.15311660433464439	-4.185388008393076e-10	-4.1853882612493515e-10
-1.404873880699841	-0.9667751797305227	300.0	valley	0	0.6926755698123759	2.68345692697093e-05	-0.14449811085561512	-3.3315515624021685e-10	-3.3315494365188775e-10
-1.3998738806998412	-0.9617751797305228	300.0	valley	0	0.7003694817512983	2.713263494703062e-05	-0.13680419891669268	-2.631235646033403e-10	-2.6312353731702094e-10
-1.394873880699841	-0.9567751797305227	300.0	valley	0	0.7071931186840057	2.739698577146013e-05	-0.1299805619839852	-2.0721524496281063e-10	-2.072152035581461e-10
-1.3898738806998412	-0.9517751797305228	300.0	valley	0	0.7132121657566386	2.7630166415685768e-05	-0.12396151491135235	-1.637795871145542e-10	-1.6377968004253885e-10
-1.384873880699841	-0.9467751797305227	300.0	valley	0	0.7185006335631424	2.7835044084061878e-05	-0.1186730471048487	-1.3102044449375683e-10	-1.3102058002495762e-10
-1.3798738806998412	-0.9417751797305228	300.0	valley	0	0.7231379015972084	2.8014693974581417e-05	-0.11403577907078269	-1.0719643228629394e-10	-1.0719634272526526e-10
-1.374873880699841	-0.9367751797305227	300.0	valley	0	0.7272060306237037	2.817229515891245e-05	-0.10996765004428741	-9.07473263200842e-11	-9.074747481978293e-11
-1.3698738806998412	-0.9317751797305228	300.0	valley	0	0.7307875020319524	2.8311043003907425e-05	-0.10638617863603857	-8.036134258038174e-11	-8.036120815117082e-11
-1.364873880699841	-0.9267751797305227	300.0	valley	0	0.7339634818390708	2.8434081918296164e-05	-0.10321019882892005	-7.498969500918662e-11	-7.498971197080963e-11
-1.3598738806998412	-0.9217751797305228	300.0	valley	0	0.7368126298470422	2.8544459218884768e-05	-0.10036105082094895	-7.38370892205964e-11	-7.383724637273668e-11
-1.354873880699841	-0.9167751797305227	300.0	valley	0	0.7394104034881158	2.864509816120707e-05	-0.09776327717987535	-7.632944276636522e-11	-7.632937807740025e-11
-1.3498738806998412	-0.9117751797305228	300.0	valley	0	0.7418287527409502	2.8738786120436106e-05	-0.09534492792704095	-8.207261259496335e-11	-8.207296837294163e-11
-1.344873880699841	-0.9067751797305227	300.0	valley	0	0.7441360690934026	2.8828172614179185e-05	-0.09303761157458872	-9.081239926711504e-11	-9.081234837006991e-11
-1.3398738806998411	-0.9017751797305228	300.0	valley	0	0.7463972344484362	2.8915771197115137e-05	-0.09077644621955487	-1.0238365710790731e-10	-1.0238375085772567e-10
-1.334873880699841	-0.8967751797305227	300.0	valley	0	0.7486736106302192	2.9003959054455796e-05	-0.08850007003777197	-1.1666877186566893e-10	-1.1666871574327755e-10
-1.3298738806998411	-0.8917751797305228	300.0	valley	0	0.7510228142204887	2.909496827900346e-05	-0.08615086644750246	-1.3354545247423744e-10	-1.335458234823975e-10
-1.3248738806998412	-0.8867751797305229	300.0	valley	0	0.753498135879068	2.919086337536141e-05	-0.08367554478892308	-1.5284107313107143e-10	-1.5284095988631333e-10
-1.3198738806998411	-0.8817751797305228	300.0	valley	0	0.7561474929817203	2.9293500684643995e-05	-0.08102618768627082	-1.7427710663486806e-10	-1.742771637657051e-10
-1.314873880699841	-0.8767751797305227	300.0	valley	0	0.7590118570359561	2.9404467461843707e-05	-0.078161823632035	-1.9742710244408102e-10	-1.974274413734093e-10
-1.3098738806998411	-0.8717751797305228	300.0	valley	0	0.7621231805782129	2.952500156287716e-05	-0.07505050008977833	-2.21677148859456e-10	-2.2167696226352402e-10
-1.3048738806998412	-0.8667751797305229	300.0	valley	0	0.7655019648899896	2.9655897216792506e-05	-0.07167171577800167	-2.46203252229904e-10	-2.4620310697900016e-10
-1.2998738806998411	-0.8617751797305228	300.0	valley	0	0.7691547513148685	2.979740783824032e-05	-0.06801892935312269	-2.6998403512834557e-10	-2.6998408281627403e-10
-1.294873880699841	-0.8567751797305226	300.0	valley	0	0.7730719593591678	2.9949162274501275e-05	-0.06410172130882323	-2.918445485278198e-10	-2.918446706189371e-10
-1.289873880699841	-0.8517751797305227	300.0	valley	0	0.7772265898869583	3.0110114566666336e-05	-0.05994709078103288	-3.1054334104219095e-10	-3.105430985517062e-10
-1.2848738806998412	-0.8467751797305229	300.0	valley	0	0.7815743077863417	3.02785471521663e-05	-0.05559937288164933	-3.248929875132589e-10	-3.2489334572010416e-10
-1.279873880699841	-0.8417751797305227	300.0	valley	0	0.7860552731052819	3.0452141803813733e-05	-0.05111840756270914	-3.3390551434919757e-10	-3.3390597283410294e-10
-1.2748738806998412	-0.8367751797305228	300.0	valley	0	0.7905977994851633	3.062812135919696e-05	-0.04657588118282778	-3.3692129641771373e-10	-3.3692116596389974e-10
-1.269873880699841	-0.8317751797305227	300.0	valley	0	0.795123538964834	3.0803450582366736e-05	-0.042050141703157025	-3.3370427254819646e-10	-3.3370423422747963e-10
-1.2648738806998412	-0.8267751797305228	300.0	valley	0	0.7995535305450783	3.0975070487998014e-05	-0.03762015012291278	-3.244800400592496e-10	-3.24480206724225e-10
-1.259873880699841	-0.8217751797305227	300.0	valley	0	0.8038142282433102	3.1140131870993614e-05	-0.033359452424681045	-3.098986345317911e-10	-3.098985546723006e-10
-1.2548738806998412	-0.8167751797305228	300.0	valley	0	0.8078426239561843	3.1296193768531304e-05	-0.029331056711806466	-2.9093689957182534e-10	-2.9093696711700526e-10
-1.249873880699841	-0.8117751797305227	300.0	valley	0	0.8115898013156668	3.1441361138078e-05	-0.025583879352324358	-2.687672168155686e-10	-2.6876744289428373e-10
-1.2448738806998412	-0.8067751797305228	300.0	valley	0	0.8150226177162413	3.1574350019895154e-05	-0.022151062951749876	-2.4461442593715077e-10	-2.446142888815256e-10
-1.239873880699841	-0.8017751797305227	300.0	valley	0	0.8181235909462949	3.1694483145086694e-05	-0.019050089721695987	-2.1963038332462048e-10	-2.1963039381672165e-10
-1.2348738806998412	-0.7967751797305228	300.0	valley	0	0.8208893568386382	3.180163018427271e-05	-0.016284323829352982	-1.9480819735129273e-10	-1.948083628603279e-10
-1.229873880699841	-0.7917751797305227	300.0	valley	0	0.8233282100260579	3.18961124753317e-05	-0.013845470641933104	-1.7093226833964081e-10	-1.7093203194703726e-10
-1.2248738806998412	-0.7867751797305228	300.0	valley	0	0.8254572448247122	3.197859225991193e-05	-0.011716435843278927	-1.485640915843689e-10	-1.4856416396027367e-10
-1.219873880699841	-0.7817751797305227	300.0	valley	0	0.8272995201583382	3.204996285129493e-05	-0.009874160509653002	-1.2806088134365012e-10	-1.2806125977778196e-10
-1.2148738806998411	-0.7767751797305228	300.0	valley	0	0.8288815354514648	3.2111250849340884e-05	-0.008292145216526166	-1.0960468643794741e-10	-1.0960453832346007e-10
-1.209873880699841	-0.7717751797305227	300.0	valley	0	0.8302311682375489	3.216353624248194e-05	-0.006942512430442157	-9.323784799786239e-11	-9.32376482873681e-11
-1.2048738806998411	-0.7667751797305228	300.0	valley	0	0.8313761151697451	3.220789201176435e-05	-0.005797565498246017	-7.89043136384393e-11	-7.890432510038244e-11
-1.199873880699841	-0.7617751797305227	300.0	valley	0	0.8323428051558497	3.224534202519775e-05	-0.0048308755121416564	-6.648206984927185e-11	-6.648184473840104e-11
-1.1948738806998411	-0.7567751797305228	300.0	valley	0	0.8331557138130298	3.22768344794169e-05	-0.004017966854961277	-5.58083856905256e-11	-5.580818979287153e-11
-1.189873880699841	-0.7517751797305227	300.0	valley	0	0.8338369942622167	3.230322759648722e-05	-0.0033366864057745205	-4.6702267053611024e-11	-4.670285072735308e-11
-1.1848738806998411	-0.7467751797305228	300.0	valley	0	0.8344063414085722	3.2325284366067714e-05	-0.0027673392594188334	-3.898160960691399e-11	-3.898156797002947e-11
-1.1798738806998412	-0.7417751797305229	300.0	valley	0	0.83488101766701	3.2343673542029535e-05	-0.002292663000981364	-3.2465988231145104e-11	-3.246625811568492e-11
-1.1748738806998411	-0.7367751797305228	300.0	valley	0	0.8352759821951956	3.2358974649001654e-05	-0.0018976984727954822	-2.6991048285296415e-11	-2.6991060626670268e-11
